3,0.05,2,0.0586661,-0.159201,54.0919
3,0.05,2,0.05,-0.000170848,64.4188
3,0.05,2,0.904722,0.647791,21.0569

3,0.1,2,0.061373,-0.157751,50.1854
3,0.1,2,0.1,-0.000170848,60.7835
3,0.1,2,0.925031,0.65045,22.0608

3,0.15,2,0.061331,-0.157751,49.8485
3,0.15,2,0.15,-0.000170848,59.69
3,0.15,2,0.928463,0.649483,22.2054

3,0.25,2,0.0613661,-0.157751,50.1279
3,0.25,2,0.25,-0.000170848,60.8266
3,0.25,2,0.933932,0.646583,22.2862

2.8,0.05,2,0.0900086,-0.20778,51.3824
2.8,0.05,2,0.05,7.08392e-05,73.8361
2.8,0.05,2,0.9203,0.721506,20.5921

2.8,0.1,2,0.0925169,-0.20633,49.7896
2.8,0.1,2,0.0026262,0.0140887,69.2176
2.8,0.1,2,0.922888,0.720298,20.6863

2.6,0.05,2,0.127944,-0.263126,53.0171
2.6,0.05,2,0.00189899,-0.000895908,96.7114
2.6,0.05,2,0.00836158,0.0609759,71.4313
2.6,0.05,2,0.913069,0.797879,19.0973

2.6,0.1,2,0.127938,-0.263126,52.8623
2.6,0.1,2,0.00185388,-0.000895908,96.5941
2.6,0.1,2,0.00840203,0.0609759,72.3858
2.6,0.1,2,0.915069,0.803921,19.3208

2.6,0.15,2,0.130179,-0.261434,47.2726
2.6,0.15,2,0.15,7.08392e-05,77.8677
2.6,0.15,2,0.00837136,0.0609759,71.6451
2.6,0.15,2,0.918215,0.797154,19.4022

2.6,0.25,2,0.130134,-0.261434,47.0033
2.6,0.25,2,0.00184764,-0.000895908,96.5781
2.6,0.25,2,0.00835362,0.0609759,71.2644
2.6,0.25,2,0.92454,0.793045,19.6034

2.4,0.05,2,0.171548,-0.32669,47.912
2.4,0.05,2,0.00424251,-0.0253063,96.8987
2.4,0.05,2,0.05,7.08392e-05,128.707
2.4,0.05,2,0.0237784,0.182786,70.2578

2.2,0.05,2,0.219023,-0.402821,49.3819
2.2,0.05,2,0.0173203,-0.157026,98.069
2.2,0.05,2,0.001937,-0.000170848,237.507
2.2,0.05,2,0.00704794,0.0614593,123.773
2.2,0.05,2,0.0499903,0.526706,71.5259

2.1,0.05,2,0.24297,-0.447775,48.1109
2.1,0.05,2,0.0289887,-0.316297,101.424
2.1,0.05,2,0.00878179,-0.115697,153.225
2.1,0.05,2,0.00398789,-0.0214393,241.116
2.1,0.05,2,0.0025135,-0.000170848,314.881
2.1,0.05,2,0.00300547,0.00707976,282.674
2.1,0.05,2,0.00566152,0.0588007,197.299
2.1,0.05,2,0.0150557,0.291062,147.867
2.1,0.05,2,0.0650987,0.99147,83.5214

2.05,0.1,2,0.255461,-0.472338,52.8648
2.05,0.05,2,0.0729768,1.46291,70.2919
2.05,0.1,2,0.0332432,-0.421908,73.474
2.05,0.05,2,0.0200617,0.703617,133.598
2.05,0.1,2,0.0129039,-0.279769,168.043

2.001,0.2,2,0.267722,-0.497908,57.0946
2.001,0.15,2,0.0820978,2.33538,85.0264
2.001,0.2,2,0.0639248,-0.405442,67.2113
2.001,0.15,2,0.0388202,1.44537,114.194
2.001,0.2,2,0.038237,-0.404013,151.959
2.001,0.15,2,0.0204253,1.35786,214.814
2.001,0.2,2,0.0210851,-0.400717,234.63

2.01,0.1,2,0.264612,-0.49391,58.5806
2.01,0.1,2,0.0812174,2.0954,78.2293
2.01,0.05,2,0.0386853,-0.556287,107.831
2.01,0.05,2,0.0209427,1.5662,100.255
2.01,0.05,2,0.0149687,-0.491989,137.041



