2,0,1.30536,-0.166559,0,-7.89579
2,0,1.30536,-0.166559,0,-5.84558
2,0,1.30536,-0.166559,0,-3.88539
2,0,1.30536,-0.166559,0,-2.06121
2,0,1.30536,-0.166559,0,-0.39504
2,0,1.30536,-0.166559,0,1.11711
2,0,1.30536,-0.166559,0,2.19522

2,0,1.38132,-0.220047,0,-8.53185
2,0,1.38132,-0.220047,0,-8.52785
2,0,1.38132,-0.220047,0,-8.52585
2,0,1.38132,-0.220047,0,-6.29163
2,0,1.38132,-0.220047,0,-4.21342
2,0,1.38132,-0.220047,0,-2.28123
2,0,1.38132,-0.220047,0,-0.481048
2,0,1.38132,-0.220047,0,1.11911
2,0,1.38132,-0.220047,0,2.18522

2,0,1.46112,-0.278759,0,-8.9559
2,0,1.46112,-0.278759,0,-6.63966
2,0,1.46112,-0.278759,0,-4.44744
2,0,1.46112,-0.278759,0,-2.40924
2,0,1.46112,-0.278759,0,-0.549055
2,0,1.46112,-0.278759,0,1.11711
2,0,1.46112,-0.278759,0,2.17522

2,0,1.55481,-0.351155,0,-9.66197
2,0,1.55481,-0.351155,0,-9.65797
2,0,1.55481,-0.351155,0,-9.65597
2,0,1.55481,-0.351155,0,-9.65397
2,0,1.55481,-0.351155,0,-9.65197
2,0,1.55481,-0.351155,0,-7.17572
2,0,1.55481,-0.351155,0,-4.83548
2,0,1.55481,-0.351155,0,-2.62526
2,0,1.55481,-0.351155,0,-0.637064
2,0,1.55481,-0.351155,0,1.10311
2,0,1.55481,-0.351155,0,2.15922

2,0,1.65635,-0.433501,0,-7.60976
2,0,1.65635,-0.433501,0,-5.15952
2,0,1.65635,-0.433501,0,-2.82328
2,0,1.65635,-0.433501,0,-0.729073
2,0,1.65635,-0.433501,0,1.06711
2,0,1.65635,-0.433501,0,2.13921

2,0,1.7153,-0.483755,0,-7.90179
2,0,1.7153,-0.483755,0,-5.34153
2,0,1.7153,-0.483755,0,-2.9613
2,0,1.7153,-0.483755,0,-0.79508
2,0,1.7153,-0.483755,0,1.0291
2,0,1.7153,-0.483755,0,2.12721

2,0,1.74747,-0.511867,0,-7.91379
2,0,1.74747,-0.511867,0,-5.36554
2,0,1.74747,-0.511867,0,-2.94529
2,0,1.74747,-0.511867,0,-0.80308
2,0,1.74747,-0.511867,0,1.0051
2,0,1.74747,-0.511867,0,2.11921

