2,0,1.95,-0.0560703,0,-3,265872
2,0,1.95,-0.0560703,0,-2.997,241150
2,0,1.95,-0.0560703,0,-2.994,264462
2,0,1.95,-0.0560703,0,-2.991,294583
2,0,1.95,-0.0560703,0,-2.98799,261527
2,0,1.95,-0.0560703,0,-2.98499,259912
2,0,1.95,-0.0560703,0,-2.98199,245365
2,0,1.95,-0.0560703,0,-2.97899,254162
2,0,1.95,-0.0560703,0,-2.97599,270031
2,0,1.95,-0.0560703,0,-2.97299,244928
2,0,1.95,-0.0560703,0,-2.96998,266740
2,0,1.95,-0.0560703,0,-2.96698,278187
2,0,1.95,-0.0560703,0,-2.96398,262059
2,0,1.95,-0.0560703,0,-2.96098,292468
2,0,1.95,-0.0560703,0,-2.95798,257260
2,0,1.95,-0.0560703,0,-2.95498,256607
2,0,1.95,-0.0560703,0,-2.95198,268878
2,0,1.95,-0.0560703,0,-2.94897,245353
2,0,1.95,-0.0560703,0,-2.94597,253399
2,0,1.95,-0.0560703,0,-2.94297,260037
2,0,1.95,-0.0560703,0,-2.93997,299369
2,0,1.95,-0.0560703,0,-2.93697,271519
2,0,1.95,-0.0560703,0,-2.93397,261386
2,0,1.95,-0.0560703,0,-2.93097,255604
2,0,1.95,-0.0560703,0,-2.92796,307839
2,0,1.95,-0.0560703,0,-2.92496,266199
2,0,1.95,-0.0560703,0,-2.92196,257633
2,0,1.95,-0.0560703,0,-2.91896,243132
2,0,1.95,-0.0560703,0,-2.91596,245811
2,0,1.95,-0.0560703,0,-2.91296,247536
2,0,1.95,-0.0560703,0,-2.90995,245174
2,0,1.95,-0.0560703,0,-2.90695,273799
2,0,1.95,-0.0560703,0,-2.90395,272567
2,0,1.95,-0.0560703,0,-2.90095,263749
2,0,1.95,-0.0560703,0,-2.89795,289707
2,0,1.95,-0.0560703,0,-2.89495,276317
2,0,1.95,-0.0560703,0,-2.89195,251291
2,0,1.95,-0.0560703,0,-2.88894,251603
2,0,1.95,-0.0560703,0,-2.88594,268866
2,0,1.95,-0.0560703,0,-2.88294,263645
2,0,1.95,-0.0560703,0,-2.87994,262903
2,0,1.95,-0.0560703,0,-2.87694,254682
2,0,1.95,-0.0560703,0,-2.87394,253181
2,0,1.95,-0.0560703,0,-2.87094,251691
2,0,1.95,-0.0560703,0,-2.86793,258043
2,0,1.95,-0.0560703,0,-2.86493,282018
2,0,1.95,-0.0560703,0,-2.86193,267227
2,0,1.95,-0.0560703,0,-2.85893,253415
2,0,1.95,-0.0560703,0,-2.85593,254962
2,0,1.95,-0.0560703,0,-2.85293,289845
2,0,1.95,-0.0560703,0,-2.84992,257479
2,0,1.95,-0.0560703,0,-2.84692,254094
2,0,1.95,-0.0560703,0,-2.84392,254707
2,0,1.95,-0.0560703,0,-2.84092,249615
2,0,1.95,-0.0560703,0,-2.83792,267142
2,0,1.95,-0.0560703,0,-2.83492,308789
2,0,1.95,-0.0560703,0,-2.83192,290631
2,0,1.95,-0.0560703,0,-2.82891,290114
2,0,1.95,-0.0560703,0,-2.82591,286951
2,0,1.95,-0.0560703,0,-2.82291,280291
2,0,1.95,-0.0560703,0,-2.81991,285824
2,0,1.95,-0.0560703,0,-2.81691,249867
2,0,1.95,-0.0560703,0,-2.81391,242920
2,0,1.95,-0.0560703,0,-2.81091,286786
2,0,1.95,-0.0560703,0,-2.8079,242949
2,0,1.95,-0.0560703,0,-2.8049,275856
2,0,1.95,-0.0560703,0,-2.8019,241855
2,0,1.95,-0.0560703,0,-2.7989,275941
2,0,1.95,-0.0560703,0,-2.7959,274760
2,0,1.95,-0.0560703,0,-2.7929,260515
2,0,1.95,-0.0560703,0,-2.78989,247767
2,0,1.95,-0.0560703,0,-2.78689,257859
2,0,1.95,-0.0560703,0,-2.78389,272266
2,0,1.95,-0.0560703,0,-2.78089,280537
2,0,1.95,-0.0560703,0,-2.77789,260775
2,0,1.95,-0.0560703,0,-2.77489,248186
2,0,1.95,-0.0560703,0,-2.77189,285531
2,0,1.95,-0.0560703,0,-2.76888,252402
2,0,1.95,-0.0560703,0,-2.76588,240953
2,0,1.95,-0.0560703,0,-2.76288,239021
2,0,1.95,-0.0560703,0,-2.75988,265194
2,0,1.95,-0.0560703,0,-2.75688,264196
2,0,1.95,-0.0560703,0,-2.75388,286729
2,0,1.95,-0.0560703,0,-2.75088,240452
2,0,1.95,-0.0560703,0,-2.74787,253724
2,0,1.95,-0.0560703,0,-2.74487,286368
2,0,1.95,-0.0560703,0,-2.74187,261520
2,0,1.95,-0.0560703,0,-2.73887,262079
2,0,1.95,-0.0560703,0,-2.73587,246175
2,0,1.95,-0.0560703,0,-2.73287,243317
2,0,1.95,-0.0560703,0,-2.72986,238647
2,0,1.95,-0.0560703,0,-2.72686,242950
2,0,1.95,-0.0560703,0,-2.72386,237325
2,0,1.95,-0.0560703,0,-2.72086,237653
2,0,1.95,-0.0560703,0,-2.71786,252025
2,0,1.95,-0.0560703,0,-2.71486,262164
2,0,1.95,-0.0560703,0,-2.71186,262570
2,0,1.95,-0.0560703,0,-2.70885,238292
2,0,1.95,-0.0560703,0,-2.70585,293130
2,0,1.95,-0.0560703,0,-2.70285,250061
2,0,1.95,-0.0560703,0,-2.69985,240205
2,0,1.95,-0.0560703,0,-2.69685,237238
2,0,1.95,-0.0560703,0,-2.69385,261316
2,0,1.95,-0.0560703,0,-2.69085,230455
2,0,1.95,-0.0560703,0,-2.68784,248697
2,0,1.95,-0.0560703,0,-2.68484,233440
2,0,1.95,-0.0560703,0,-2.68184,264745
2,0,1.95,-0.0560703,0,-2.67884,262503
2,0,1.95,-0.0560703,0,-2.67584,245414
2,0,1.95,-0.0560703,0,-2.67284,227792
2,0,1.95,-0.0560703,0,-2.66983,243830
2,0,1.95,-0.0560703,0,-2.66683,262058
2,0,1.95,-0.0560703,0,-2.66383,226229
2,0,1.95,-0.0560703,0,-2.66083,255981
2,0,1.95,-0.0560703,0,-2.65783,231651
2,0,1.95,-0.0560703,0,-2.65483,233783
2,0,1.95,-0.0560703,0,-2.65183,244543
2,0,1.95,-0.0560703,0,-2.64882,229058
2,0,1.95,-0.0560703,0,-2.64582,238591
2,0,1.95,-0.0560703,0,-2.64282,219740
2,0,1.95,-0.0560703,0,-2.63982,248040
2,0,1.95,-0.0560703,0,-2.63682,257416
2,0,1.95,-0.0560703,0,-2.63382,240063
2,0,1.95,-0.0560703,0,-2.63082,226362
2,0,1.95,-0.0560703,0,-2.62781,229893
2,0,1.95,-0.0560703,0,-2.62481,226515
2,0,1.95,-0.0560703,0,-2.62181,212253
2,0,1.95,-0.0560703,0,-2.61881,209989
2,0,1.95,-0.0560703,0,-2.61581,226409
2,0,1.95,-0.0560703,0,-2.61281,208906
2,0,1.95,-0.0560703,0,-2.6098,229823
2,0,1.95,-0.0560703,0,-2.6068,196525
2,0,1.95,-0.0560703,0,-2.6038,235031
2,0,1.95,-0.0560703,0,-2.6008,206747
2,0,1.95,-0.0560703,0,-2.5978,189792
2,0,1.95,-0.0560703,0,-2.5948,-172236
2,0,1.95,-0.0560703,0,-2.5918,-197651
2,0,1.95,-0.0560703,0,-2.58879,-195818
2,0,1.95,-0.0560703,0,-2.58579,-193500
2,0,1.95,-0.0560703,0,-2.58279,-211052
2,0,1.95,-0.0560703,0,-2.57979,-213218
2,0,1.95,-0.0560703,0,-2.57679,-213825
2,0,1.95,-0.0560703,0,-2.57379,-252290
2,0,1.95,-0.0560703,0,-2.57079,-231719
2,0,1.95,-0.0560703,0,-2.56778,-217888
2,0,1.95,-0.0560703,0,-2.56478,-239389
2,0,1.95,-0.0560703,0,-2.56178,-236994
2,0,1.95,-0.0560703,0,-2.55878,-230147
2,0,1.95,-0.0560703,0,-2.55578,-235609
2,0,1.95,-0.0560703,0,-2.55278,-225677
2,0,1.95,-0.0560703,0,-2.54977,-224387
2,0,1.95,-0.0560703,0,-2.54677,-234687
2,0,1.95,-0.0560703,0,-2.54377,-220723
2,0,1.95,-0.0560703,0,-2.54077,-261196
2,0,1.95,-0.0560703,0,-2.53777,-248775
2,0,1.95,-0.0560703,0,-2.53477,-244506
2,0,1.95,-0.0560703,0,-2.53177,-233417
2,0,1.95,-0.0560703,0,-2.52876,-242515
2,0,1.95,-0.0560703,0,-2.52576,-250250
2,0,1.95,-0.0560703,0,-2.52276,-262709
2,0,1.95,-0.0560703,0,-2.51976,-273070
2,0,1.95,-0.0560703,0,-2.51676,-241623
2,0,1.95,-0.0560703,0,-2.51376,-270105
2,0,1.95,-0.0560703,0,-2.51076,-265398
2,0,1.95,-0.0560703,0,-2.50775,-239319
2,0,1.95,-0.0560703,0,-2.50475,-233068
2,0,1.95,-0.0560703,0,-2.50175,-281077
2,0,1.95,-0.0560703,0,-2.49875,-246216
2,0,1.95,-0.0560703,0,-2.49575,-237515
2,0,1.95,-0.0560703,0,-2.49275,-267566
2,0,1.95,-0.0560703,0,-2.48974,-251556
2,0,1.95,-0.0560703,0,-2.48674,-244013
2,0,1.95,-0.0560703,0,-2.48374,-274103
2,0,1.95,-0.0560703,0,-2.48074,-256093
2,0,1.95,-0.0560703,0,-2.47774,-295215
2,0,1.95,-0.0560703,0,-2.47474,-241068
2,0,1.95,-0.0560703,0,-2.47174,-251436
2,0,1.95,-0.0560703,0,-2.46873,-236318
2,0,1.95,-0.0560703,0,-2.46573,-245070
2,0,1.95,-0.0560703,0,-2.46273,-250809
2,0,1.95,-0.0560703,0,-2.45973,-238027
2,0,1.95,-0.0560703,0,-2.45673,-253478
2,0,1.95,-0.0560703,0,-2.45373,-247145
2,0,1.95,-0.0560703,0,-2.45073,-241001
2,0,1.95,-0.0560703,0,-2.44772,-250193
2,0,1.95,-0.0560703,0,-2.44472,-294386
2,0,1.95,-0.0560703,0,-2.44172,-252787
2,0,1.95,-0.0560703,0,-2.43872,-250692
2,0,1.95,-0.0560703,0,-2.43572,-254652
2,0,1.95,-0.0560703,0,-2.43272,-250186
2,0,1.95,-0.0560703,0,-2.42971,-241072
2,0,1.95,-0.0560703,0,-2.42671,-256815
2,0,1.95,-0.0560703,0,-2.42371,-264621
2,0,1.95,-0.0560703,0,-2.42071,-253100
2,0,1.95,-0.0560703,0,-2.41771,-265930
2,0,1.95,-0.0560703,0,-2.41471,-267177
2,0,1.95,-0.0560703,0,-2.41171,-266330
2,0,1.95,-0.0560703,0,-2.4087,-277811
2,0,1.95,-0.0560703,0,-2.4057,-291566
2,0,1.95,-0.0560703,0,-2.4027,-285261
2,0,1.95,-0.0560703,0,-2.3997,-248844
2,0,1.95,-0.0560703,0,-2.3967,-261568
2,0,1.95,-0.0560703,0,-2.3937,-245563
2,0,1.95,-0.0560703,0,-2.3907,-254555
2,0,1.95,-0.0560703,0,-2.38769,-260035
2,0,1.95,-0.0560703,0,-2.38469,-299743
2,0,1.95,-0.0560703,0,-2.38169,-263714
2,0,1.95,-0.0560703,0,-2.37869,-252793
2,0,1.95,-0.0560703,0,-2.37569,-266155
2,0,1.95,-0.0560703,0,-2.37269,-268036
2,0,1.95,-0.0560703,0,-2.36968,-244706
2,0,1.95,-0.0560703,0,-2.36668,-271154
2,0,1.95,-0.0560703,0,-2.36368,-303269
2,0,1.95,-0.0560703,0,-2.36068,-272090
2,0,1.95,-0.0560703,0,-2.35768,-276447
2,0,1.95,-0.0560703,0,-2.35468,-255977
2,0,1.95,-0.0560703,0,-2.35168,-249072
2,0,1.95,-0.0560703,0,-2.34867,-264448
2,0,1.95,-0.0560703,0,-2.34567,-272052
2,0,1.95,-0.0560703,0,-2.34267,-283152
2,0,1.95,-0.0560703,0,-2.33967,-261145
2,0,1.95,-0.0560703,0,-2.33667,-245986
2,0,1.95,-0.0560703,0,-2.33367,-249319
2,0,1.95,-0.0560703,0,-2.33067,-245312
2,0,1.95,-0.0560703,0,-2.32766,-274496
2,0,1.95,-0.0560703,0,-2.32466,-251124
2,0,1.95,-0.0560703,0,-2.32166,-246687
2,0,1.95,-0.0560703,0,-2.31866,-280302
2,0,1.95,-0.0560703,0,-2.31566,-287215
2,0,1.95,-0.0560703,0,-2.31266,-245413
2,0,1.95,-0.0560703,0,-2.30965,-249372
2,0,1.95,-0.0560703,0,-2.30665,-248444
2,0,1.95,-0.0560703,0,-2.30365,-251747
2,0,1.95,-0.0560703,0,-2.30065,-250202
2,0,1.95,-0.0560703,0,-2.29765,-251082
2,0,1.95,-0.0560703,0,-2.29465,-260927
2,0,1.95,-0.0560703,0,-2.29165,-268548
2,0,1.95,-0.0560703,0,-2.28864,-256970
2,0,1.95,-0.0560703,0,-2.28564,-258808
2,0,1.95,-0.0560703,0,-2.28264,-280652
2,0,1.95,-0.0560703,0,-2.27964,-277693
2,0,1.95,-0.0560703,0,-2.27664,-259407
2,0,1.95,-0.0560703,0,-2.27364,-255091
2,0,1.95,-0.0560703,0,-2.27064,-252948
2,0,1.95,-0.0560703,0,-2.26763,-276639
2,0,1.95,-0.0560703,0,-2.26463,-244494
2,0,1.95,-0.0560703,0,-2.26163,-255515
2,0,1.95,-0.0560703,0,-2.25863,-262443
2,0,1.95,-0.0560703,0,-2.25563,-255671
2,0,1.95,-0.0560703,0,-2.25263,-248552
2,0,1.95,-0.0560703,0,-2.24962,-249838
2,0,1.95,-0.0560703,0,-2.24662,-243707
2,0,1.95,-0.0560703,0,-2.24362,-265380
2,0,1.95,-0.0560703,0,-2.24062,-248577
2,0,1.95,-0.0560703,0,-2.23762,-268936
2,0,1.95,-0.0560703,0,-2.23462,-267726
2,0,1.95,-0.0560703,0,-2.23162,-304932
2,0,1.95,-0.0560703,0,-2.22861,-249719
2,0,1.95,-0.0560703,0,-2.22561,-247379
2,0,1.95,-0.0560703,0,-2.22261,-260164
2,0,1.95,-0.0560703,0,-2.21961,-250871
2,0,1.95,-0.0560703,0,-2.21661,-243395
2,0,1.95,-0.0560703,0,-2.21361,-290115
2,0,1.95,-0.0560703,0,-2.21061,-280162
2,0,1.95,-0.0560703,0,-2.2076,-280528
2,0,1.95,-0.0560703,0,-2.2046,-247571
2,0,1.95,-0.0560703,0,-2.2016,-239282
2,0,1.95,-0.0560703,0,-2.1986,-302088
2,0,1.95,-0.0560703,0,-2.1956,-249857
2,0,1.95,-0.0560703,0,-2.1926,-303200
2,0,1.95,-0.0560703,0,-2.18959,-261343
2,0,1.95,-0.0560703,0,-2.18659,-246678
2,0,1.95,-0.0560703,0,-2.18359,-270020
2,0,1.95,-0.0560703,0,-2.18059,-246219
2,0,1.95,-0.0560703,0,-2.17759,-282318
2,0,1.95,-0.0560703,0,-2.17459,-243063
2,0,1.95,-0.0560703,0,-2.17159,-261927
2,0,1.95,-0.0560703,0,-2.16858,-250392
2,0,1.95,-0.0560703,0,-2.16558,-249430
2,0,1.95,-0.0560703,0,-2.16258,-260127
2,0,1.95,-0.0560703,0,-2.15958,-246192
2,0,1.95,-0.0560703,0,-2.15658,-296447
2,0,1.95,-0.0560703,0,-2.15358,-282651
2,0,1.95,-0.0560703,0,-2.15058,-257800
2,0,1.95,-0.0560703,0,-2.14757,-247069
2,0,1.95,-0.0560703,0,-2.14457,-263616
2,0,1.95,-0.0560703,0,-2.14157,-234421
2,0,1.95,-0.0560703,0,-2.13857,-244219
2,0,1.95,-0.0560703,0,-2.13557,-242495
2,0,1.95,-0.0560703,0,-2.13257,-233677
2,0,1.95,-0.0560703,0,-2.12956,-262833
2,0,1.95,-0.0560703,0,-2.12656,-284513
2,0,1.95,-0.0560703,0,-2.12356,-240226
2,0,1.95,-0.0560703,0,-2.12056,-278657
2,0,1.95,-0.0560703,0,-2.11756,-238689
2,0,1.95,-0.0560703,0,-2.11456,-237179
2,0,1.95,-0.0560703,0,-2.11156,-272400
2,0,1.95,-0.0560703,0,-2.10855,-260112
2,0,1.95,-0.0560703,0,-2.10555,-256487
2,0,1.95,-0.0560703,0,-2.10255,-231579
2,0,1.95,-0.0560703,0,-2.09955,-231970
2,0,1.95,-0.0560703,0,-2.09655,-227155
2,0,1.95,-0.0560703,0,-2.09355,-217270
2,0,1.95,-0.0560703,0,-2.09055,-235075
2,0,1.95,-0.0560703,0,-2.08754,-217199
2,0,1.95,-0.0560703,0,-2.08454,-225973
2,0,1.95,-0.0560703,0,-2.08154,-214370
2,0,1.95,-0.0560703,0,-2.07854,-219104
2,0,1.95,-0.0560703,0,-2.07554,-242066
2,0,1.95,-0.0560703,0,-2.07254,-208755
2,0,1.95,-0.0560703,0,-2.06953,-224806
2,0,1.95,-0.0560703,0,-2.06653,-201641
2,0,1.95,-0.0560703,0,-2.06353,-253004
2,0,1.95,-0.0560703,0,-2.06053,-208050
2,0,1.95,-0.0560703,0,-2.05753,-210639
2,0,1.95,-0.0560703,0,-2.05453,-199860
2,0,1.95,-0.0560703,0,-2.05153,-174336
2,0,1.95,-0.0560703,0,-2.04852,185537
2,0,1.95,-0.0560703,0,-2.04552,188050
2,0,1.95,-0.0560703,0,-2.04252,231105
2,0,1.95,-0.0560703,0,-2.03952,208887
2,0,1.95,-0.0560703,0,-2.03652,203900
2,0,1.95,-0.0560703,0,-2.03352,207027
2,0,1.95,-0.0560703,0,-2.03052,220146
2,0,1.95,-0.0560703,0,-2.02751,222936
2,0,1.95,-0.0560703,0,-2.02451,243807
2,0,1.95,-0.0560703,0,-2.02151,229233
2,0,1.95,-0.0560703,0,-2.01851,229587
2,0,1.95,-0.0560703,0,-2.01551,223951
2,0,1.95,-0.0560703,0,-2.01251,229507
2,0,1.95,-0.0560703,0,-2.0095,230206
2,0,1.95,-0.0560703,0,-2.0065,224322
2,0,1.95,-0.0560703,0,-2.0035,240016
2,0,1.95,-0.0560703,0,-2.0005,238710
2,0,1.95,-0.0560703,0,-1.9975,225055
2,0,1.95,-0.0560703,0,-1.9945,230253
2,0,1.95,-0.0560703,0,-1.9915,240848
2,0,1.95,-0.0560703,0,-1.98849,239555
2,0,1.95,-0.0560703,0,-1.98549,240059
2,0,1.95,-0.0560703,0,-1.98249,238087
2,0,1.95,-0.0560703,0,-1.97949,248250
2,0,1.95,-0.0560703,0,-1.97649,231148
2,0,1.95,-0.0560703,0,-1.97349,230617
2,0,1.95,-0.0560703,0,-1.97049,253487
2,0,1.95,-0.0560703,0,-1.96748,247605
2,0,1.95,-0.0560703,0,-1.96448,232881
2,0,1.95,-0.0560703,0,-1.96148,253560
2,0,1.95,-0.0560703,0,-1.95848,245853
2,0,1.95,-0.0560703,0,-1.95548,236101
2,0,1.95,-0.0560703,0,-1.95248,252990
2,0,1.95,-0.0560703,0,-1.94947,258089
2,0,1.95,-0.0560703,0,-1.94647,275007
2,0,1.95,-0.0560703,0,-1.94347,237798
2,0,1.95,-0.0560703,0,-1.94047,252890
2,0,1.95,-0.0560703,0,-1.93747,236539
2,0,1.95,-0.0560703,0,-1.93447,299211
2,0,1.95,-0.0560703,0,-1.93147,245716
2,0,1.95,-0.0560703,0,-1.92846,303350
2,0,1.95,-0.0560703,0,-1.92546,280424
2,0,1.95,-0.0560703,0,-1.92246,261131
2,0,1.95,-0.0560703,0,-1.91946,253561
2,0,1.95,-0.0560703,0,-1.91646,255704
2,0,1.95,-0.0560703,0,-1.91346,254386
2,0,1.95,-0.0560703,0,-1.91046,263386
2,0,1.95,-0.0560703,0,-1.90745,264353
2,0,1.95,-0.0560703,0,-1.90445,242617
2,0,1.95,-0.0560703,0,-1.90145,241089
2,0,1.95,-0.0560703,0,-1.89845,270636
2,0,1.95,-0.0560703,0,-1.89545,242754
2,0,1.95,-0.0560703,0,-1.89245,250890
2,0,1.95,-0.0560703,0,-1.88944,249574
2,0,1.95,-0.0560703,0,-1.88644,259927
2,0,1.95,-0.0560703,0,-1.88344,265047
2,0,1.95,-0.0560703,0,-1.88044,306503
2,0,1.95,-0.0560703,0,-1.87744,268708
2,0,1.95,-0.0560703,0,-1.87444,271883
2,0,1.95,-0.0560703,0,-1.87144,251026
2,0,1.95,-0.0560703,0,-1.86843,245057
2,0,1.95,-0.0560703,0,-1.86543,256996
2,0,1.95,-0.0560703,0,-1.86243,260250
2,0,1.95,-0.0560703,0,-1.85943,270798
2,0,1.95,-0.0560703,0,-1.85643,273019
2,0,1.95,-0.0560703,0,-1.85343,252977
2,0,1.95,-0.0560703,0,-1.85043,255350
2,0,1.95,-0.0560703,0,-1.84742,288632
2,0,1.95,-0.0560703,0,-1.84442,256306
2,0,1.95,-0.0560703,0,-1.84142,263165
2,0,1.95,-0.0560703,0,-1.83842,263417
2,0,1.95,-0.0560703,0,-1.83542,297865
2,0,1.95,-0.0560703,0,-1.83242,255090
2,0,1.95,-0.0560703,0,-1.82941,260779
2,0,1.95,-0.0560703,0,-1.82641,247738
2,0,1.95,-0.0560703,0,-1.82341,258953
2,0,1.95,-0.0560703,0,-1.82041,269307
2,0,1.95,-0.0560703,0,-1.81741,252953
2,0,1.95,-0.0560703,0,-1.81441,247924
2,0,1.95,-0.0560703,0,-1.81141,264466
2,0,1.95,-0.0560703,0,-1.8084,308234
2,0,1.95,-0.0560703,0,-1.8054,263524
2,0,1.95,-0.0560703,0,-1.8024,276142
2,0,1.95,-0.0560703,0,-1.7994,250891
2,0,1.95,-0.0560703,0,-1.7964,268422
2,0,1.95,-0.0560703,0,-1.7934,269112
2,0,1.95,-0.0560703,0,-1.7904,268753
2,0,1.95,-0.0560703,0,-1.78739,275471
2,0,1.95,-0.0560703,0,-1.78439,270193
2,0,1.95,-0.0560703,0,-1.78139,246797
2,0,1.95,-0.0560703,0,-1.77839,270730
2,0,1.95,-0.0560703,0,-1.77539,274743
2,0,1.95,-0.0560703,0,-1.77239,259423
2,0,1.95,-0.0560703,0,-1.76938,279532
2,0,1.95,-0.0560703,0,-1.76638,279257
2,0,1.95,-0.0560703,0,-1.76338,276634
2,0,1.95,-0.0560703,0,-1.76038,278469
2,0,1.95,-0.0560703,0,-1.75738,255210
2,0,1.95,-0.0560703,0,-1.75438,311273
2,0,1.95,-0.0560703,0,-1.75138,274555
2,0,1.95,-0.0560703,0,-1.74837,255712
2,0,1.95,-0.0560703,0,-1.74537,279036
2,0,1.95,-0.0560703,0,-1.74237,276000
2,0,1.95,-0.0560703,0,-1.73937,262689
2,0,1.95,-0.0560703,0,-1.73637,304488
2,0,1.95,-0.0560703,0,-1.73337,274122
2,0,1.95,-0.0560703,0,-1.73037,247032
2,0,1.95,-0.0560703,0,-1.72736,271552
2,0,1.95,-0.0560703,0,-1.72436,268936
2,0,1.95,-0.0560703,0,-1.72136,307352
2,0,1.95,-0.0560703,0,-1.71836,253694
2,0,1.95,-0.0560703,0,-1.71536,260822
2,0,1.95,-0.0560703,0,-1.71236,245044
2,0,1.95,-0.0560703,0,-1.70935,254566
2,0,1.95,-0.0560703,0,-1.70635,253749
2,0,1.95,-0.0560703,0,-1.70335,255207
2,0,1.95,-0.0560703,0,-1.70035,247697
2,0,1.95,-0.0560703,0,-1.69735,251007
2,0,1.95,-0.0560703,0,-1.69435,251382
2,0,1.95,-0.0560703,0,-1.69135,245195
2,0,1.95,-0.0560703,0,-1.68834,258075
2,0,1.95,-0.0560703,0,-1.68534,281165
2,0,1.95,-0.0560703,0,-1.68234,247832
2,0,1.95,-0.0560703,0,-1.67934,259405
2,0,1.95,-0.0560703,0,-1.67634,268688
2,0,1.95,-0.0560703,0,-1.67334,290127
2,0,1.95,-0.0560703,0,-1.67034,261907
2,0,1.95,-0.0560703,0,-1.66733,255170
2,0,1.95,-0.0560703,0,-1.66433,256088
2,0,1.95,-0.0560703,0,-1.66133,272591
2,0,1.95,-0.0560703,0,-1.65833,275158
2,0,1.95,-0.0560703,0,-1.65533,269926
2,0,1.95,-0.0560703,0,-1.65233,250099
2,0,1.95,-0.0560703,0,-1.64932,259927
2,0,1.95,-0.0560703,0,-1.64632,255578
2,0,1.95,-0.0560703,0,-1.64332,248012
2,0,1.95,-0.0560703,0,-1.64032,247451
2,0,1.95,-0.0560703,0,-1.63732,249405
2,0,1.95,-0.0560703,0,-1.63432,262591
2,0,1.95,-0.0560703,0,-1.63132,241204
2,0,1.95,-0.0560703,0,-1.62831,249240
2,0,1.95,-0.0560703,0,-1.62531,249793
2,0,1.95,-0.0560703,0,-1.62231,244952
2,0,1.95,-0.0560703,0,-1.61931,249404
2,0,1.95,-0.0560703,0,-1.61631,289758
2,0,1.95,-0.0560703,0,-1.61331,247503
2,0,1.95,-0.0560703,0,-1.61031,245692
2,0,1.95,-0.0560703,0,-1.6073,241835
2,0,1.95,-0.0560703,0,-1.6043,238286
2,0,1.95,-0.0560703,0,-1.6013,244410
2,0,1.95,-0.0560703,0,-1.5983,281657
2,0,1.95,-0.0560703,0,-1.5953,269051
2,0,1.95,-0.0560703,0,-1.5923,261549
2,0,1.95,-0.0560703,0,-1.58929,251129
2,0,1.95,-0.0560703,0,-1.58629,230169
2,0,1.95,-0.0560703,0,-1.58329,229870
2,0,1.95,-0.0560703,0,-1.58029,240560
2,0,1.95,-0.0560703,0,-1.57729,222807
2,0,1.95,-0.0560703,0,-1.57429,237182
2,0,1.95,-0.0560703,0,-1.57129,231614
2,0,1.95,-0.0560703,0,-1.56828,224967
2,0,1.95,-0.0560703,0,-1.56528,226852
2,0,1.95,-0.0560703,0,-1.56228,213006
2,0,1.95,-0.0560703,0,-1.55928,259100
2,0,1.95,-0.0560703,0,-1.55628,213428
2,0,1.95,-0.0560703,0,-1.55328,213464
2,0,1.95,-0.0560703,0,-1.55028,204266
2,0,1.95,-0.0560703,0,-1.54727,202011
2,0,1.95,-0.0560703,0,-1.54427,198499
2,0,1.95,-0.0560703,0,-1.54127,193577
2,0,1.95,-0.0560703,0,-1.53827,211963
2,0,1.95,-0.0560703,0,-1.53527,-186787
2,0,1.95,-0.0560703,0,-1.53227,-198725
2,0,1.95,-0.0560703,0,-1.52926,-199750
2,0,1.95,-0.0560703,0,-1.52626,-224502
2,0,1.95,-0.0560703,0,-1.52326,-214019
2,0,1.95,-0.0560703,0,-1.52026,-229165
2,0,1.95,-0.0560703,0,-1.51726,-228187
2,0,1.95,-0.0560703,0,-1.51426,-223590
2,0,1.95,-0.0560703,0,-1.51126,-212737
2,0,1.95,-0.0560703,0,-1.50825,-231448
2,0,1.95,-0.0560703,0,-1.50525,-233001
2,0,1.95,-0.0560703,0,-1.50225,-231729
2,0,1.95,-0.0560703,0,-1.49925,-225998
2,0,1.95,-0.0560703,0,-1.49625,-242611
2,0,1.95,-0.0560703,0,-1.49325,-228144
2,0,1.95,-0.0560703,0,-1.49025,-230138
2,0,1.95,-0.0560703,0,-1.48724,-254736
2,0,1.95,-0.0560703,0,-1.48424,-241773
2,0,1.95,-0.0560703,0,-1.48124,-233818
2,0,1.95,-0.0560703,0,-1.47824,-244585
2,0,1.95,-0.0560703,0,-1.47524,-247798
2,0,1.95,-0.0560703,0,-1.47224,-231785
2,0,1.95,-0.0560703,0,-1.46923,-291616
2,0,1.95,-0.0560703,0,-1.46623,-245716
2,0,1.95,-0.0560703,0,-1.46323,-263482
2,0,1.95,-0.0560703,0,-1.46023,-244905
2,0,1.95,-0.0560703,0,-1.45723,-235509
2,0,1.95,-0.0560703,0,-1.45423,-241994
2,0,1.95,-0.0560703,0,-1.45123,-237929
2,0,1.95,-0.0560703,0,-1.44822,-252476
2,0,1.95,-0.0560703,0,-1.44522,-278610
2,0,1.95,-0.0560703,0,-1.44222,-254547
2,0,1.95,-0.0560703,0,-1.43922,-243116
2,0,1.95,-0.0560703,0,-1.43622,-253785
2,0,1.95,-0.0560703,0,-1.43322,-256379
2,0,1.95,-0.0560703,0,-1.43022,-261695
2,0,1.95,-0.0560703,0,-1.42721,-248007
2,0,1.95,-0.0560703,0,-1.42421,-239169
2,0,1.95,-0.0560703,0,-1.42121,-248382
2,0,1.95,-0.0560703,0,-1.41821,-302900
2,0,1.95,-0.0560703,0,-1.41521,-277822
2,0,1.95,-0.0560703,0,-1.41221,-269253
2,0,1.95,-0.0560703,0,-1.4092,-277577
2,0,1.95,-0.0560703,0,-1.4062,-251246
2,0,1.95,-0.0560703,0,-1.4032,-242988
2,0,1.95,-0.0560703,0,-1.4002,-258489
2,0,1.95,-0.0560703,0,-1.3972,-244489
2,0,1.95,-0.0560703,0,-1.3942,-271814
2,0,1.95,-0.0560703,0,-1.3912,-279988
2,0,1.95,-0.0560703,0,-1.38819,-246881
2,0,1.95,-0.0560703,0,-1.38519,-265414
2,0,1.95,-0.0560703,0,-1.38219,-259388
2,0,1.95,-0.0560703,0,-1.37919,-256890
2,0,1.95,-0.0560703,0,-1.37619,-256018
2,0,1.95,-0.0560703,0,-1.37319,-260521
2,0,1.95,-0.0560703,0,-1.37019,-267045
2,0,1.95,-0.0560703,0,-1.36718,-262588
2,0,1.95,-0.0560703,0,-1.36418,-302218
2,0,1.95,-0.0560703,0,-1.36118,-264628
2,0,1.95,-0.0560703,0,-1.35818,-251816
2,0,1.95,-0.0560703,0,-1.35518,-278521
2,0,1.95,-0.0560703,0,-1.35218,-272563
2,0,1.95,-0.0560703,0,-1.34917,-281544
2,0,1.95,-0.0560703,0,-1.34617,-261867
2,0,1.95,-0.0560703,0,-1.34317,-257139
2,0,1.95,-0.0560703,0,-1.34017,-250080
2,0,1.95,-0.0560703,0,-1.33717,-269178
2,0,1.95,-0.0560703,0,-1.33417,-286784
2,0,1.95,-0.0560703,0,-1.33117,-251027
2,0,1.95,-0.0560703,0,-1.32816,-253031
2,0,1.95,-0.0560703,0,-1.32516,-257717
2,0,1.95,-0.0560703,0,-1.32216,-257963
2,0,1.95,-0.0560703,0,-1.31916,-303280
2,0,1.95,-0.0560703,0,-1.31616,-257305
2,0,1.95,-0.0560703,0,-1.31316,-309936
2,0,1.95,-0.0560703,0,-1.31016,-259842
2,0,1.95,-0.0560703,0,-1.30715,-270744
2,0,1.95,-0.0560703,0,-1.30415,-273161
2,0,1.95,-0.0560703,0,-1.30115,-264624
2,0,1.95,-0.0560703,0,-1.29815,-275792
2,0,1.95,-0.0560703,0,-1.29515,-262312
2,0,1.95,-0.0560703,0,-1.29215,-258294
2,0,1.95,-0.0560703,0,-1.28914,-274696
2,0,1.95,-0.0560703,0,-1.28614,-270625
2,0,1.95,-0.0560703,0,-1.28314,-272201
2,0,1.95,-0.0560703,0,-1.28014,-274492
2,0,1.95,-0.0560703,0,-1.27714,-273396
2,0,1.95,-0.0560703,0,-1.27414,-273947
2,0,1.95,-0.0560703,0,-1.27114,-255158
2,0,1.95,-0.0560703,0,-1.26813,-255209
2,0,1.95,-0.0560703,0,-1.26513,-253327
2,0,1.95,-0.0560703,0,-1.26213,-269277
2,0,1.95,-0.0560703,0,-1.25913,-273515
2,0,1.95,-0.0560703,0,-1.25613,-251853
2,0,1.95,-0.0560703,0,-1.25313,-302940
2,0,1.95,-0.0560703,0,-1.25013,-266523
2,0,1.95,-0.0560703,0,-1.24712,-263009
2,0,1.95,-0.0560703,0,-1.24412,-250247
2,0,1.95,-0.0560703,0,-1.24112,-297109
2,0,1.95,-0.0560703,0,-1.23812,-295728
2,0,1.95,-0.0560703,0,-1.23512,-266717
2,0,1.95,-0.0560703,0,-1.23212,-257909
2,0,1.95,-0.0560703,0,-1.22911,-260665
2,0,1.95,-0.0560703,0,-1.22611,-272152
2,0,1.95,-0.0560703,0,-1.22311,-258302
2,0,1.95,-0.0560703,0,-1.22011,-247017
2,0,1.95,-0.0560703,0,-1.21711,-267026
2,0,1.95,-0.0560703,0,-1.21411,-249071
2,0,1.95,-0.0560703,0,-1.21111,-259729
2,0,1.95,-0.0560703,0,-1.2081,-267089
2,0,1.95,-0.0560703,0,-1.2051,-282704
2,0,1.95,-0.0560703,0,-1.2021,-270348
2,0,1.95,-0.0560703,0,-1.1991,-262956
2,0,1.95,-0.0560703,0,-1.1961,-279037
2,0,1.95,-0.0560703,0,-1.1931,-269319
2,0,1.95,-0.0560703,0,-1.1901,-249583
2,0,1.95,-0.0560703,0,-1.18709,-263337
2,0,1.95,-0.0560703,0,-1.18409,-254806
2,0,1.95,-0.0560703,0,-1.18109,-279938
2,0,1.95,-0.0560703,0,-1.17809,-251534
2,0,1.95,-0.0560703,0,-1.17509,-292479
2,0,1.95,-0.0560703,0,-1.17209,-267722
2,0,1.95,-0.0560703,0,-1.16908,-247240
2,0,1.95,-0.0560703,0,-1.16608,-281884
2,0,1.95,-0.0560703,0,-1.16308,-247505
2,0,1.95,-0.0560703,0,-1.16008,-253611
2,0,1.95,-0.0560703,0,-1.15708,-268169
2,0,1.95,-0.0560703,0,-1.15408,-260632
2,0,1.95,-0.0560703,0,-1.15108,-238932
2,0,1.95,-0.0560703,0,-1.14807,-268897
2,0,1.95,-0.0560703,0,-1.14507,-246452
2,0,1.95,-0.0560703,0,-1.14207,-253542
2,0,1.95,-0.0560703,0,-1.13907,-291691
2,0,1.95,-0.0560703,0,-1.13607,-253280
2,0,1.95,-0.0560703,0,-1.13307,-239552
2,0,1.95,-0.0560703,0,-1.13007,-271562
2,0,1.95,-0.0560703,0,-1.12706,-233716
2,0,1.95,-0.0560703,0,-1.12406,-244227
2,0,1.95,-0.0560703,0,-1.12106,-277490
2,0,1.95,-0.0560703,0,-1.11806,-244210
2,0,1.95,-0.0560703,0,-1.11506,-246468
2,0,1.95,-0.0560703,0,-1.11206,-250119
2,0,1.95,-0.0560703,0,-1.10905,-237448
2,0,1.95,-0.0560703,0,-1.10605,-261828
2,0,1.95,-0.0560703,0,-1.10305,-274130
2,0,1.95,-0.0560703,0,-1.10005,-258972
2,0,1.95,-0.0560703,0,-1.09705,-242286
2,0,1.95,-0.0560703,0,-1.09405,-234493
2,0,1.95,-0.0560703,0,-1.09105,-237843
2,0,1.95,-0.0560703,0,-1.08804,-231369
2,0,1.95,-0.0560703,0,-1.08504,-260644
2,0,1.95,-0.0560703,0,-1.08204,-225573
2,0,1.95,-0.0560703,0,-1.07904,-249900
2,0,1.95,-0.0560703,0,-1.07604,-223185
2,0,1.95,-0.0560703,0,-1.07304,-216255
2,0,1.95,-0.0560703,0,-1.07004,-212190
2,0,1.95,-0.0560703,0,-1.06703,-213856
2,0,1.95,-0.0560703,0,-1.06403,-224134
2,0,1.95,-0.0560703,0,-1.06103,-198098
2,0,1.95,-0.0560703,0,-1.05803,-188706
2,0,1.95,-0.0560703,0,-1.05503,-190425
2,0,1.95,-0.0560703,0,-1.05203,226875
2,0,1.95,-0.0560703,0,-1.04902,205005
2,0,1.95,-0.0560703,0,-1.04602,238731
2,0,1.95,-0.0560703,0,-1.04302,209527
2,0,1.95,-0.0560703,0,-1.04002,227094
2,0,1.95,-0.0560703,0,-1.03702,243229
2,0,1.95,-0.0560703,0,-1.03402,252274
2,0,1.95,-0.0560703,0,-1.03102,243431
2,0,1.95,-0.0560703,0,-1.02801,224930
2,0,1.95,-0.0560703,0,-1.02501,239924
2,0,1.95,-0.0560703,0,-1.02201,232176
2,0,1.95,-0.0560703,0,-1.01901,255061
2,0,1.95,-0.0560703,0,-1.01601,236435
2,0,1.95,-0.0560703,0,-1.01301,261433
2,0,1.95,-0.0560703,0,-1.01001,260069
2,0,1.95,-0.0560703,0,-1.007,236582
2,0,1.95,-0.0560703,0,-1.004,269606
2,0,1.95,-0.0560703,0,-1.001,245598
2,0,1.95,-0.0560703,0,-0.997999,244934
2,0,1.95,-0.0560703,0,-0.994997,240064
2,0,1.95,-0.0560703,0,-0.991996,271507
2,0,1.95,-0.0560703,0,-0.988994,255253
2,0,1.95,-0.0560703,0,-0.985993,267587
2,0,1.95,-0.0560703,0,-0.982991,237014
2,0,1.95,-0.0560703,0,-0.97999,260870
2,0,1.95,-0.0560703,0,-0.976988,237238
2,0,1.95,-0.0560703,0,-0.973987,239921
2,0,1.95,-0.0560703,0,-0.970985,265024
2,0,1.95,-0.0560703,0,-0.967984,248099
2,0,1.95,-0.0560703,0,-0.964982,243102
2,0,1.95,-0.0560703,0,-0.961981,240787
2,0,1.95,-0.0560703,0,-0.958979,260660
2,0,1.95,-0.0560703,0,-0.955978,250979
2,0,1.95,-0.0560703,0,-0.952976,303524
2,0,1.95,-0.0560703,0,-0.949975,249909
2,0,1.95,-0.0560703,0,-0.946973,299965
2,0,1.95,-0.0560703,0,-0.943972,247331
2,0,1.95,-0.0560703,0,-0.94097,260426
2,0,1.95,-0.0560703,0,-0.937969,278273
2,0,1.95,-0.0560703,0,-0.934967,259615
2,0,1.95,-0.0560703,0,-0.931966,278176
2,0,1.95,-0.0560703,0,-0.928964,258225
2,0,1.95,-0.0560703,0,-0.925963,302802
2,0,1.95,-0.0560703,0,-0.922961,271918
2,0,1.95,-0.0560703,0,-0.91996,271367
2,0,1.95,-0.0560703,0,-0.916958,269771
2,0,1.95,-0.0560703,0,-0.913957,254054
2,0,1.95,-0.0560703,0,-0.910955,251045
2,0,1.95,-0.0560703,0,-0.907954,277755
2,0,1.95,-0.0560703,0,-0.904952,258331
2,0,1.95,-0.0560703,0,-0.901951,249694
2,0,1.95,-0.0560703,0,-0.898949,289735
2,0,1.95,-0.0560703,0,-0.895948,277336
2,0,1.95,-0.0560703,0,-0.892946,285264
2,0,1.95,-0.0560703,0,-0.889945,259474
2,0,1.95,-0.0560703,0,-0.886943,268979
2,0,1.95,-0.0560703,0,-0.883942,258396
2,0,1.95,-0.0560703,0,-0.88094,287353
2,0,1.95,-0.0560703,0,-0.877939,314105
2,0,1.95,-0.0560703,0,-0.874937,285416
2,0,1.95,-0.0560703,0,-0.871936,263969
2,0,1.95,-0.0560703,0,-0.868934,259672
2,0,1.95,-0.0560703,0,-0.865933,270381
2,0,1.95,-0.0560703,0,-0.862931,284576
2,0,1.95,-0.0560703,0,-0.85993,286593
2,0,1.95,-0.0560703,0,-0.856928,255538
2,0,1.95,-0.0560703,0,-0.853927,250981
2,0,1.95,-0.0560703,0,-0.850925,302524
2,0,1.95,-0.0560703,0,-0.847924,264923
2,0,1.95,-0.0560703,0,-0.844922,295223
2,0,1.95,-0.0560703,0,-0.841921,296921
2,0,1.95,-0.0560703,0,-0.838919,260920
2,0,1.95,-0.0560703,0,-0.835918,295435
2,0,1.95,-0.0560703,0,-0.832916,300259
2,0,1.95,-0.0560703,0,-0.829915,302131
2,0,1.95,-0.0560703,0,-0.826913,309662
2,0,1.95,-0.0560703,0,-0.823912,254493
2,0,1.95,-0.0560703,0,-0.82091,270200
2,0,1.95,-0.0560703,0,-0.817909,272638
2,0,1.95,-0.0560703,0,-0.814907,303543
2,0,1.95,-0.0560703,0,-0.811906,267277
2,0,1.95,-0.0560703,0,-0.808904,256899
2,0,1.95,-0.0560703,0,-0.805903,273544
2,0,1.95,-0.0560703,0,-0.802901,293932
2,0,1.95,-0.0560703,0,-0.7999,270494
2,0,1.95,-0.0560703,0,-0.796898,259259
2,0,1.95,-0.0560703,0,-0.793897,266165
2,0,1.95,-0.0560703,0,-0.790895,273792
2,0,1.95,-0.0560703,0,-0.787894,262425
2,0,1.95,-0.0560703,0,-0.784892,265872
2,0,1.95,-0.0560703,0,-0.781891,267769
2,0,1.95,-0.0560703,0,-0.778889,263708
2,0,1.95,-0.0560703,0,-0.775888,277796
2,0,1.95,-0.0560703,0,-0.772886,263933
2,0,1.95,-0.0560703,0,-0.769885,262243
2,0,1.95,-0.0560703,0,-0.766883,260221
2,0,1.95,-0.0560703,0,-0.763882,293874
2,0,1.95,-0.0560703,0,-0.76088,284335
2,0,1.95,-0.0560703,0,-0.757879,269198
2,0,1.95,-0.0560703,0,-0.754877,298941
2,0,1.95,-0.0560703,0,-0.751876,250366
2,0,1.95,-0.0560703,0,-0.748874,316845
2,0,1.95,-0.0560703,0,-0.745873,256034
2,0,1.95,-0.0560703,0,-0.742871,278976
2,0,1.95,-0.0560703,0,-0.73987,274974
2,0,1.95,-0.0560703,0,-0.736868,313385
2,0,1.95,-0.0560703,0,-0.733867,308192
2,0,1.95,-0.0560703,0,-0.730865,264925
2,0,1.95,-0.0560703,0,-0.727864,247922
2,0,1.95,-0.0560703,0,-0.724862,259590
2,0,1.95,-0.0560703,0,-0.721861,248706
2,0,1.95,-0.0560703,0,-0.718859,262621
2,0,1.95,-0.0560703,0,-0.715858,282361
2,0,1.95,-0.0560703,0,-0.712856,267127
2,0,1.95,-0.0560703,0,-0.709855,247788
2,0,1.95,-0.0560703,0,-0.706853,259660
2,0,1.95,-0.0560703,0,-0.703852,257053
2,0,1.95,-0.0560703,0,-0.70085,256980
2,0,1.95,-0.0560703,0,-0.697849,278272
2,0,1.95,-0.0560703,0,-0.694847,277712
2,0,1.95,-0.0560703,0,-0.691846,280945
2,0,1.95,-0.0560703,0,-0.688844,240520
2,0,1.95,-0.0560703,0,-0.685843,302056
2,0,1.95,-0.0560703,0,-0.682841,255936
2,0,1.95,-0.0560703,0,-0.67984,240436
2,0,1.95,-0.0560703,0,-0.676838,239812
2,0,1.95,-0.0560703,0,-0.673837,258310
2,0,1.95,-0.0560703,0,-0.670835,246709
2,0,1.95,-0.0560703,0,-0.667834,285832
2,0,1.95,-0.0560703,0,-0.664832,265449
2,0,1.95,-0.0560703,0,-0.661831,265359
2,0,1.95,-0.0560703,0,-0.658829,241746
2,0,1.95,-0.0560703,0,-0.655828,248597
2,0,1.95,-0.0560703,0,-0.652826,250778
2,0,1.95,-0.0560703,0,-0.649825,234780
2,0,1.95,-0.0560703,0,-0.646823,243965
2,0,1.95,-0.0560703,0,-0.643822,259461
2,0,1.95,-0.0560703,0,-0.64082,274752
2,0,1.95,-0.0560703,0,-0.637819,247450
2,0,1.95,-0.0560703,0,-0.634817,232482
2,0,1.95,-0.0560703,0,-0.631816,231297
2,0,1.95,-0.0560703,0,-0.628814,240912
2,0,1.95,-0.0560703,0,-0.625813,218913
2,0,1.95,-0.0560703,0,-0.622811,228162
2,0,1.95,-0.0560703,0,-0.61981,222999
2,0,1.95,-0.0560703,0,-0.616808,268811
2,0,1.95,-0.0560703,0,-0.613807,221643
2,0,1.95,-0.0560703,0,-0.610805,220530
2,0,1.95,-0.0560703,0,-0.607804,233125
2,0,1.95,-0.0560703,0,-0.604802,190997
2,0,1.95,-0.0560703,0,-0.601801,180185
2,0,1.95,-0.0560703,0,-0.598799,-187823
2,0,1.95,-0.0560703,0,-0.595798,-201055
2,0,1.95,-0.0560703,0,-0.592796,-211254
2,0,1.95,-0.0560703,0,-0.589795,-213533
2,0,1.95,-0.0560703,0,-0.586793,-248398
2,0,1.95,-0.0560703,0,-0.583792,-217824
2,0,1.95,-0.0560703,0,-0.58079,-256933
2,0,1.95,-0.0560703,0,-0.577789,-226001
2,0,1.95,-0.0560703,0,-0.574787,-221448
2,0,1.95,-0.0560703,0,-0.571786,-249224
2,0,1.95,-0.0560703,0,-0.568784,-244256
2,0,1.95,-0.0560703,0,-0.565783,-232693
2,0,1.95,-0.0560703,0,-0.562781,-228326
2,0,1.95,-0.0560703,0,-0.55978,-249416
2,0,1.95,-0.0560703,0,-0.556778,-287519
2,0,1.95,-0.0560703,0,-0.553777,-254220
2,0,1.95,-0.0560703,0,-0.550775,-245172
2,0,1.95,-0.0560703,0,-0.547774,-239053
2,0,1.95,-0.0560703,0,-0.544772,-248824
2,0,1.95,-0.0560703,0,-0.541771,-242831
2,0,1.95,-0.0560703,0,-0.538769,-243730
2,0,1.95,-0.0560703,0,-0.535768,-260702
2,0,1.95,-0.0560703,0,-0.532766,-245964
2,0,1.95,-0.0560703,0,-0.529765,-250417
2,0,1.95,-0.0560703,0,-0.526763,-249438
2,0,1.95,-0.0560703,0,-0.523762,-269971
2,0,1.95,-0.0560703,0,-0.52076,-243440
2,0,1.95,-0.0560703,0,-0.517759,-285714
2,0,1.95,-0.0560703,0,-0.514757,-261514
2,0,1.95,-0.0560703,0,-0.511756,-269731
2,0,1.95,-0.0560703,0,-0.508754,-265748
2,0,1.95,-0.0560703,0,-0.505753,-243361
2,0,1.95,-0.0560703,0,-0.502751,-249967
2,0,1.95,-0.0560703,0,-0.49975,-281893
2,0,1.95,-0.0560703,0,-0.496748,-254658
2,0,1.95,-0.0560703,0,-0.493747,-313712
2,0,1.95,-0.0560703,0,-0.490745,-275490
2,0,1.95,-0.0560703,0,-0.487744,-281426
2,0,1.95,-0.0560703,0,-0.484742,-254577
2,0,1.95,-0.0560703,0,-0.481741,-280498
2,0,1.95,-0.0560703,0,-0.478739,-291473
2,0,1.95,-0.0560703,0,-0.475738,-297903
2,0,1.95,-0.0560703,0,-0.472736,-269150
2,0,1.95,-0.0560703,0,-0.469735,-257444
2,0,1.95,-0.0560703,0,-0.466733,-286947
2,0,1.95,-0.0560703,0,-0.463732,-280446
2,0,1.95,-0.0560703,0,-0.46073,-277085
2,0,1.95,-0.0560703,0,-0.457729,-285431
2,0,1.95,-0.0560703,0,-0.454727,-251312
2,0,1.95,-0.0560703,0,-0.451726,-274536
2,0,1.95,-0.0560703,0,-0.448724,-297239
2,0,1.95,-0.0560703,0,-0.445723,-268810
2,0,1.95,-0.0560703,0,-0.442721,-252765
2,0,1.95,-0.0560703,0,-0.43972,-273701
2,0,1.95,-0.0560703,0,-0.436718,-300171
2,0,1.95,-0.0560703,0,-0.433717,-279218
2,0,1.95,-0.0560703,0,-0.430715,-255792
2,0,1.95,-0.0560703,0,-0.427714,-262939
2,0,1.95,-0.0560703,0,-0.424712,-282347
2,0,1.95,-0.0560703,0,-0.421711,-267652
2,0,1.95,-0.0560703,0,-0.418709,-256108
2,0,1.95,-0.0560703,0,-0.415708,-257354
2,0,1.95,-0.0560703,0,-0.412706,-305332
2,0,1.95,-0.0560703,0,-0.409705,-262601
2,0,1.95,-0.0560703,0,-0.406703,-265301
2,0,1.95,-0.0560703,0,-0.403702,-255695
2,0,1.95,-0.0560703,0,-0.4007,-263223
2,0,1.95,-0.0560703,0,-0.397699,-273831
2,0,1.95,-0.0560703,0,-0.394697,-264486
2,0,1.95,-0.0560703,0,-0.391696,-262812
2,0,1.95,-0.0560703,0,-0.388694,-285449
2,0,1.95,-0.0560703,0,-0.385693,-261003
2,0,1.95,-0.0560703,0,-0.382691,-271523
2,0,1.95,-0.0560703,0,-0.37969,-265136
2,0,1.95,-0.0560703,0,-0.376688,-269425
2,0,1.95,-0.0560703,0,-0.373687,-272702
2,0,1.95,-0.0560703,0,-0.370685,-268470
2,0,1.95,-0.0560703,0,-0.367684,-267585
2,0,1.95,-0.0560703,0,-0.364682,-261803
2,0,1.95,-0.0560703,0,-0.361681,-261837
2,0,1.95,-0.0560703,0,-0.358679,-260281
2,0,1.95,-0.0560703,0,-0.355678,-262447
2,0,1.95,-0.0560703,0,-0.352676,-268007
2,0,1.95,-0.0560703,0,-0.349675,-277019
2,0,1.95,-0.0560703,0,-0.346673,-301924
2,0,1.95,-0.0560703,0,-0.343672,-258195
2,0,1.95,-0.0560703,0,-0.34067,-298697
2,0,1.95,-0.0560703,0,-0.337669,-292506
2,0,1.95,-0.0560703,0,-0.334667,-256262
2,0,1.95,-0.0560703,0,-0.331666,-290598
2,0,1.95,-0.0560703,0,-0.328664,-266700
2,0,1.95,-0.0560703,0,-0.325663,-253405
2,0,1.95,-0.0560703,0,-0.322661,-267410
2,0,1.95,-0.0560703,0,-0.31966,-282428
2,0,1.95,-0.0560703,0,-0.316658,-276157
2,0,1.95,-0.0560703,0,-0.313657,-270832
2,0,1.95,-0.0560703,0,-0.310655,-254841
2,0,1.95,-0.0560703,0,-0.307654,-256281
2,0,1.95,-0.0560703,0,-0.304652,-261514
2,0,1.95,-0.0560703,0,-0.301651,-277628
2,0,1.95,-0.0560703,0,-0.298649,-264272
2,0,1.95,-0.0560703,0,-0.295648,-260761
2,0,1.95,-0.0560703,0,-0.292646,-254009
2,0,1.95,-0.0560703,0,-0.289645,-266310
2,0,1.95,-0.0560703,0,-0.286643,-259017
2,0,1.95,-0.0560703,0,-0.283642,-274369
2,0,1.95,-0.0560703,0,-0.28064,-272951
2,0,1.95,-0.0560703,0,-0.277639,-298863
2,0,1.95,-0.0560703,0,-0.274637,-259481
2,0,1.95,-0.0560703,0,-0.271636,-257940
2,0,1.95,-0.0560703,0,-0.268634,-249886
2,0,1.95,-0.0560703,0,-0.265633,-265610
2,0,1.95,-0.0560703,0,-0.262631,-277380
2,0,1.95,-0.0560703,0,-0.25963,-306928
2,0,1.95,-0.0560703,0,-0.256628,-289496
2,0,1.95,-0.0560703,0,-0.253627,-251721
2,0,1.95,-0.0560703,0,-0.250625,-246990
2,0,1.95,-0.0560703,0,-0.247624,-275412
2,0,1.95,-0.0560703,0,-0.244622,-253782
2,0,1.95,-0.0560703,0,-0.241621,-255440
2,0,1.95,-0.0560703,0,-0.238619,-253490
2,0,1.95,-0.0560703,0,-0.235618,-260111
2,0,1.95,-0.0560703,0,-0.232616,-238162
2,0,1.95,-0.0560703,0,-0.229615,-242908
2,0,1.95,-0.0560703,0,-0.226613,-240289
2,0,1.95,-0.0560703,0,-0.223612,-236795
2,0,1.95,-0.0560703,0,-0.22061,-278910
2,0,1.95,-0.0560703,0,-0.217609,-249860
2,0,1.95,-0.0560703,0,-0.214607,-278392
2,0,1.95,-0.0560703,0,-0.211606,-235579
2,0,1.95,-0.0560703,0,-0.208604,-242839
2,0,1.95,-0.0560703,0,-0.205603,-259379
2,0,1.95,-0.0560703,0,-0.202601,-240157
2,0,1.95,-0.0560703,0,-0.1996,-254172
2,0,1.95,-0.0560703,0,-0.196598,-227416
2,0,1.95,-0.0560703,0,-0.193597,-227072
2,0,1.95,-0.0560703,0,-0.190595,-221079
2,0,1.95,-0.0560703,0,-0.187594,-218035
2,0,1.95,-0.0560703,0,-0.184592,-215016
2,0,1.95,-0.0560703,0,-0.181591,-212293
2,0,1.95,-0.0560703,0,-0.178589,-192709
2,0,1.95,-0.0560703,0,-0.175588,-201337
2,0,1.95,-0.0560703,0,-0.172586,206954
2,0,1.95,-0.0560703,0,-0.169585,211162
2,0,1.95,-0.0560703,0,-0.166583,207314
2,0,1.95,-0.0560703,0,-0.163582,222581
2,0,1.95,-0.0560703,0,-0.16058,227548
2,0,1.95,-0.0560703,0,-0.157579,226932
2,0,1.95,-0.0560703,0,-0.154577,265097
2,0,1.95,-0.0560703,0,-0.151576,222567
2,0,1.95,-0.0560703,0,-0.148574,232186
2,0,1.95,-0.0560703,0,-0.145573,252176
2,0,1.95,-0.0560703,0,-0.142571,252238
2,0,1.95,-0.0560703,0,-0.13957,252414
2,0,1.95,-0.0560703,0,-0.136568,236977
2,0,1.95,-0.0560703,0,-0.133567,240176
2,0,1.95,-0.0560703,0,-0.130565,239478
2,0,1.95,-0.0560703,0,-0.127564,253890
2,0,1.95,-0.0560703,0,-0.124562,239834
2,0,1.95,-0.0560703,0,-0.121561,270182
2,0,1.95,-0.0560703,0,-0.118559,254881
2,0,1.95,-0.0560703,0,-0.115558,267522
2,0,1.95,-0.0560703,0,-0.112556,242052
2,0,1.95,-0.0560703,0,-0.109555,264966
2,0,1.95,-0.0560703,0,-0.106553,248016
2,0,1.95,-0.0560703,0,-0.103552,260447
2,0,1.95,-0.0560703,0,-0.10055,266349
2,0,1.95,-0.0560703,0,-0.0975488,271452
2,0,1.95,-0.0560703,0,-0.0945473,274661
2,0,1.95,-0.0560703,0,-0.0915458,245552
2,0,1.95,-0.0560703,0,-0.0885443,256463
2,0,1.95,-0.0560703,0,-0.0855428,247161
2,0,1.95,-0.0560703,0,-0.0825413,287872
2,0,1.95,-0.0560703,0,-0.0795398,260463
2,0,1.95,-0.0560703,0,-0.0765383,255911
2,0,1.95,-0.0560703,0,-0.0735368,257513
2,0,1.95,-0.0560703,0,-0.0705353,297940
2,0,1.95,-0.0560703,0,-0.0675338,254732
2,0,1.95,-0.0560703,0,-0.0645323,262030
2,0,1.95,-0.0560703,0,-0.0615308,318950
2,0,1.95,-0.0560703,0,-0.0585293,281240
2,0,1.95,-0.0560703,0,-0.0555278,251975
2,0,1.95,-0.0560703,0,-0.0525263,262426
2,0,1.95,-0.0560703,0,-0.0495248,264377
2,0,1.95,-0.0560703,0,-0.0465233,262589
2,0,1.95,-0.0560703,0,-0.0435218,269467
2,0,1.95,-0.0560703,0,-0.0405203,261247
2,0,1.95,-0.0560703,0,-0.0375188,263254
2,0,1.95,-0.0560703,0,-0.0345173,289093
2,0,1.95,-0.0560703,0,-0.0315158,292092
2,0,1.95,-0.0560703,0,-0.0285143,279013
2,0,1.95,-0.0560703,0,-0.0255128,260437
2,0,1.95,-0.0560703,0,-0.0225113,301536
2,0,1.95,-0.0560703,0,-0.0195098,269105
2,0,1.95,-0.0560703,0,-0.0165083,273847
2,0,1.95,-0.0560703,0,-0.0135068,258680
2,0,1.95,-0.0560703,0,-0.0105053,304225
2,0,1.95,-0.0560703,0,-0.00750375,270806
2,0,1.95,-0.0560703,0,-0.00450225,259207
2,0,1.95,-0.0560703,0,-0.00150075,269289
2,0,1.95,-0.0560703,0,0.00150075,262387
2,0,1.95,-0.0560703,0,0.00450225,271283
2,0,1.95,-0.0560703,0,0.00750375,278146
2,0,1.95,-0.0560703,0,0.0105053,316158
2,0,1.95,-0.0560703,0,0.0135068,273732
2,0,1.95,-0.0560703,0,0.0165083,264782
2,0,1.95,-0.0560703,0,0.0195098,282763
2,0,1.95,-0.0560703,0,0.0225113,276775
2,0,1.95,-0.0560703,0,0.0255128,268235
2,0,1.95,-0.0560703,0,0.0285143,287658
2,0,1.95,-0.0560703,0,0.0315158,275061
2,0,1.95,-0.0560703,0,0.0345173,271747
2,0,1.95,-0.0560703,0,0.0375188,282353
2,0,1.95,-0.0560703,0,0.0405203,285159
2,0,1.95,-0.0560703,0,0.0435218,281395
2,0,1.95,-0.0560703,0,0.0465233,256973
2,0,1.95,-0.0560703,0,0.0495248,280390
2,0,1.95,-0.0560703,0,0.0525263,261553
2,0,1.95,-0.0560703,0,0.0555278,262664
2,0,1.95,-0.0560703,0,0.0585293,276839
2,0,1.95,-0.0560703,0,0.0615308,269229
2,0,1.95,-0.0560703,0,0.0645323,306841
2,0,1.95,-0.0560703,0,0.0675338,273999
2,0,1.95,-0.0560703,0,0.0705353,262825
2,0,1.95,-0.0560703,0,0.0735368,262990
2,0,1.95,-0.0560703,0,0.0765383,257159
2,0,1.95,-0.0560703,0,0.0795398,255421
2,0,1.95,-0.0560703,0,0.0825413,282527
2,0,1.95,-0.0560703,0,0.0855428,252989
2,0,1.95,-0.0560703,0,0.0885443,261604
2,0,1.95,-0.0560703,0,0.0915458,286645
2,0,1.95,-0.0560703,0,0.0945473,281608
2,0,1.95,-0.0560703,0,0.0975488,286132
2,0,1.95,-0.0560703,0,0.10055,318449
2,0,1.95,-0.0560703,0,0.103552,301005
2,0,1.95,-0.0560703,0,0.106553,271961
2,0,1.95,-0.0560703,0,0.109555,260915
2,0,1.95,-0.0560703,0,0.112556,275683
2,0,1.95,-0.0560703,0,0.115558,291323
2,0,1.95,-0.0560703,0,0.118559,255566
2,0,1.95,-0.0560703,0,0.121561,294292
2,0,1.95,-0.0560703,0,0.124562,306001
2,0,1.95,-0.0560703,0,0.127564,259190
2,0,1.95,-0.0560703,0,0.130565,292558
2,0,1.95,-0.0560703,0,0.133567,278133
2,0,1.95,-0.0560703,0,0.136568,273103
2,0,1.95,-0.0560703,0,0.13957,268385
2,0,1.95,-0.0560703,0,0.142571,255059
2,0,1.95,-0.0560703,0,0.145573,272490
2,0,1.95,-0.0560703,0,0.148574,249564
2,0,1.95,-0.0560703,0,0.151576,259270
2,0,1.95,-0.0560703,0,0.154577,293297
2,0,1.95,-0.0560703,0,0.157579,241506
2,0,1.95,-0.0560703,0,0.16058,266521
2,0,1.95,-0.0560703,0,0.163582,247138
2,0,1.95,-0.0560703,0,0.166583,235201
2,0,1.95,-0.0560703,0,0.169585,234215
2,0,1.95,-0.0560703,0,0.172586,239433
2,0,1.95,-0.0560703,0,0.175588,248850
2,0,1.95,-0.0560703,0,0.178589,232854
2,0,1.95,-0.0560703,0,0.181591,227842
2,0,1.95,-0.0560703,0,0.184592,237510
2,0,1.95,-0.0560703,0,0.187594,274872
2,0,1.95,-0.0560703,0,0.190595,280934
2,0,1.95,-0.0560703,0,0.193597,251766
2,0,1.95,-0.0560703,0,0.196598,233715
2,0,1.95,-0.0560703,0,0.1996,224721
2,0,1.95,-0.0560703,0,0.202601,234278
2,0,1.95,-0.0560703,0,0.205603,212301
2,0,1.95,-0.0560703,0,0.208604,201307
2,0,1.95,-0.0560703,0,0.211606,-188879
2,0,1.95,-0.0560703,0,0.214607,-206590
2,0,1.95,-0.0560703,0,0.217609,-262466
2,0,1.95,-0.0560703,0,0.22061,-239289
2,0,1.95,-0.0560703,0,0.223612,-247110
2,0,1.95,-0.0560703,0,0.226613,-218874
2,0,1.95,-0.0560703,0,0.229615,-268294
2,0,1.95,-0.0560703,0,0.232616,-238891
2,0,1.95,-0.0560703,0,0.235618,-238786
2,0,1.95,-0.0560703,0,0.238619,-240229
2,0,1.95,-0.0560703,0,0.241621,-237121
2,0,1.95,-0.0560703,0,0.244622,-267708
2,0,1.95,-0.0560703,0,0.247624,-258617
2,0,1.95,-0.0560703,0,0.250625,-299618
2,0,1.95,-0.0560703,0,0.253627,-256317
2,0,1.95,-0.0560703,0,0.256628,-239900
2,0,1.95,-0.0560703,0,0.25963,-240492
2,0,1.95,-0.0560703,0,0.262631,-259169
2,0,1.95,-0.0560703,0,0.265633,-301347
2,0,1.95,-0.0560703,0,0.268634,-249545
2,0,1.95,-0.0560703,0,0.271636,-242290
2,0,1.95,-0.0560703,0,0.274637,-264031
2,0,1.95,-0.0560703,0,0.277639,-263628
2,0,1.95,-0.0560703,0,0.28064,-261578
2,0,1.95,-0.0560703,0,0.283642,-258202
2,0,1.95,-0.0560703,0,0.286643,-252559
2,0,1.95,-0.0560703,0,0.289645,-272043
2,0,1.95,-0.0560703,0,0.292646,-273284
2,0,1.95,-0.0560703,0,0.295648,-272537
2,0,1.95,-0.0560703,0,0.298649,-260863
2,0,1.95,-0.0560703,0,0.301651,-279212
2,0,1.95,-0.0560703,0,0.304652,-257494
2,0,1.95,-0.0560703,0,0.307654,-277521
2,0,1.95,-0.0560703,0,0.310655,-262187
2,0,1.95,-0.0560703,0,0.313657,-289284
2,0,1.95,-0.0560703,0,0.316658,-257979
2,0,1.95,-0.0560703,0,0.31966,-275593
2,0,1.95,-0.0560703,0,0.322661,-262185
2,0,1.95,-0.0560703,0,0.325663,-265000
2,0,1.95,-0.0560703,0,0.328664,-261457
2,0,1.95,-0.0560703,0,0.331666,-316183
2,0,1.95,-0.0560703,0,0.334667,-282035
2,0,1.95,-0.0560703,0,0.337669,-292451
2,0,1.95,-0.0560703,0,0.34067,-273630
2,0,1.95,-0.0560703,0,0.343672,-263447
2,0,1.95,-0.0560703,0,0.346673,-262845
2,0,1.95,-0.0560703,0,0.349675,-304448
2,0,1.95,-0.0560703,0,0.352676,-263559
2,0,1.95,-0.0560703,0,0.355678,-303418
2,0,1.95,-0.0560703,0,0.358679,-275152
2,0,1.95,-0.0560703,0,0.361681,-266009
2,0,1.95,-0.0560703,0,0.364682,-272751
2,0,1.95,-0.0560703,0,0.367684,-258022
2,0,1.95,-0.0560703,0,0.370685,-281193
2,0,1.95,-0.0560703,0,0.373687,-258898
2,0,1.95,-0.0560703,0,0.376688,-277718
2,0,1.95,-0.0560703,0,0.37969,-285122
2,0,1.95,-0.0560703,0,0.382691,-285127
2,0,1.95,-0.0560703,0,0.385693,-281433
2,0,1.95,-0.0560703,0,0.388694,-284559
2,0,1.95,-0.0560703,0,0.391696,-281574
2,0,1.95,-0.0560703,0,0.394697,-271471
2,0,1.95,-0.0560703,0,0.397699,-273132
2,0,1.95,-0.0560703,0,0.4007,-280807
2,0,1.95,-0.0560703,0,0.403702,-279608
2,0,1.95,-0.0560703,0,0.406703,-315451
2,0,1.95,-0.0560703,0,0.409705,-283421
2,0,1.95,-0.0560703,0,0.412706,-255364
2,0,1.95,-0.0560703,0,0.415708,-271347
2,0,1.95,-0.0560703,0,0.418709,-259704
2,0,1.95,-0.0560703,0,0.421711,-260971
2,0,1.95,-0.0560703,0,0.424712,-302599
2,0,1.95,-0.0560703,0,0.427714,-306062
2,0,1.95,-0.0560703,0,0.430715,-273611
2,0,1.95,-0.0560703,0,0.433717,-262256
2,0,1.95,-0.0560703,0,0.436718,-259558
2,0,1.95,-0.0560703,0,0.43972,-255032
2,0,1.95,-0.0560703,0,0.442721,-268150
2,0,1.95,-0.0560703,0,0.445723,-253322
2,0,1.95,-0.0560703,0,0.448724,-259271
2,0,1.95,-0.0560703,0,0.451726,-317271
2,0,1.95,-0.0560703,0,0.454727,-268071
2,0,1.95,-0.0560703,0,0.457729,-264646
2,0,1.95,-0.0560703,0,0.46073,-289225
2,0,1.95,-0.0560703,0,0.463732,-273129
2,0,1.95,-0.0560703,0,0.466733,-278981
2,0,1.95,-0.0560703,0,0.469735,-275374
2,0,1.95,-0.0560703,0,0.472736,-268651
2,0,1.95,-0.0560703,0,0.475738,-293913
2,0,1.95,-0.0560703,0,0.478739,-249230
2,0,1.95,-0.0560703,0,0.481741,-281095
2,0,1.95,-0.0560703,0,0.484742,-255076
2,0,1.95,-0.0560703,0,0.487744,-295139
2,0,1.95,-0.0560703,0,0.490745,-275968
2,0,1.95,-0.0560703,0,0.493747,-271264
2,0,1.95,-0.0560703,0,0.496748,-252409
2,0,1.95,-0.0560703,0,0.49975,-267722
2,0,1.95,-0.0560703,0,0.502751,-277871
2,0,1.95,-0.0560703,0,0.505753,-254991
2,0,1.95,-0.0560703,0,0.508754,-248034
2,0,1.95,-0.0560703,0,0.511756,-249388
2,0,1.95,-0.0560703,0,0.514757,-239771
2,0,1.95,-0.0560703,0,0.517759,-246465
2,0,1.95,-0.0560703,0,0.52076,-251436
2,0,1.95,-0.0560703,0,0.523762,-275973
2,0,1.95,-0.0560703,0,0.526763,-229490
2,0,1.95,-0.0560703,0,0.529765,-242526
2,0,1.95,-0.0560703,0,0.532766,-224244
2,0,1.95,-0.0560703,0,0.535768,-230496
2,0,1.95,-0.0560703,0,0.538769,-215029
2,0,1.95,-0.0560703,0,0.541771,-216577
2,0,1.95,-0.0560703,0,0.544772,-195734
2,0,1.95,-0.0560703,0,0.547774,216141
2,0,1.95,-0.0560703,0,0.550775,213143
2,0,1.95,-0.0560703,0,0.553777,223661
2,0,1.95,-0.0560703,0,0.556778,213480
2,0,1.95,-0.0560703,0,0.55978,219121
2,0,1.95,-0.0560703,0,0.562781,231266
2,0,1.95,-0.0560703,0,0.565783,225728
2,0,1.95,-0.0560703,0,0.568784,241087
2,0,1.95,-0.0560703,0,0.571786,241771
2,0,1.95,-0.0560703,0,0.574787,253163
2,0,1.95,-0.0560703,0,0.577789,237674
2,0,1.95,-0.0560703,0,0.58079,235472
2,0,1.95,-0.0560703,0,0.583792,259488
2,0,1.95,-0.0560703,0,0.586793,263213
2,0,1.95,-0.0560703,0,0.589795,268132
2,0,1.95,-0.0560703,0,0.592796,254082
2,0,1.95,-0.0560703,0,0.595798,274507
2,0,1.95,-0.0560703,0,0.598799,243387
2,0,1.95,-0.0560703,0,0.601801,269507
2,0,1.95,-0.0560703,0,0.604802,278484
2,0,1.95,-0.0560703,0,0.607804,249014
2,0,1.95,-0.0560703,0,0.610805,266197
2,0,1.95,-0.0560703,0,0.613807,272190
2,0,1.95,-0.0560703,0,0.616808,284853
2,0,1.95,-0.0560703,0,0.61981,267856
2,0,1.95,-0.0560703,0,0.622811,269956
2,0,1.95,-0.0560703,0,0.625813,277237
2,0,1.95,-0.0560703,0,0.628814,283394
2,0,1.95,-0.0560703,0,0.631816,262418
2,0,1.95,-0.0560703,0,0.634817,267030
2,0,1.95,-0.0560703,0,0.637819,264054
2,0,1.95,-0.0560703,0,0.64082,268552
2,0,1.95,-0.0560703,0,0.643822,278365
2,0,1.95,-0.0560703,0,0.646823,290675
2,0,1.95,-0.0560703,0,0.649825,274283
2,0,1.95,-0.0560703,0,0.652826,261256
2,0,1.95,-0.0560703,0,0.655828,290053
2,0,1.95,-0.0560703,0,0.658829,274668
2,0,1.95,-0.0560703,0,0.661831,260287
2,0,1.95,-0.0560703,0,0.664832,292464
2,0,1.95,-0.0560703,0,0.667834,290007
2,0,1.95,-0.0560703,0,0.670835,291810
2,0,1.95,-0.0560703,0,0.673837,291180
2,0,1.95,-0.0560703,0,0.676838,296300
2,0,1.95,-0.0560703,0,0.67984,264290
2,0,1.95,-0.0560703,0,0.682841,286358
2,0,1.95,-0.0560703,0,0.685843,275567
2,0,1.95,-0.0560703,0,0.688844,279308
2,0,1.95,-0.0560703,0,0.691846,272794
2,0,1.95,-0.0560703,0,0.694847,286915
2,0,1.95,-0.0560703,0,0.697849,312823
2,0,1.95,-0.0560703,0,0.70085,311636
2,0,1.95,-0.0560703,0,0.703852,272714
2,0,1.95,-0.0560703,0,0.706853,262457
2,0,1.95,-0.0560703,0,0.709855,311860
2,0,1.95,-0.0560703,0,0.712856,259756
2,0,1.95,-0.0560703,0,0.715858,271881
2,0,1.95,-0.0560703,0,0.718859,271493
2,0,1.95,-0.0560703,0,0.721861,270967
2,0,1.95,-0.0560703,0,0.724862,276627
2,0,1.95,-0.0560703,0,0.727864,307520
2,0,1.95,-0.0560703,0,0.730865,272164
2,0,1.95,-0.0560703,0,0.733867,273443
2,0,1.95,-0.0560703,0,0.736868,260962
2,0,1.95,-0.0560703,0,0.73987,266334
2,0,1.95,-0.0560703,0,0.742871,264669
2,0,1.95,-0.0560703,0,0.745873,261543
2,0,1.95,-0.0560703,0,0.748874,269943
2,0,1.95,-0.0560703,0,0.751876,328864
2,0,1.95,-0.0560703,0,0.754877,271856
2,0,1.95,-0.0560703,0,0.757879,281156
2,0,1.95,-0.0560703,0,0.76088,267835
2,0,1.95,-0.0560703,0,0.763882,275591
2,0,1.95,-0.0560703,0,0.766883,269440
2,0,1.95,-0.0560703,0,0.769885,288823
2,0,1.95,-0.0560703,0,0.772886,291820
2,0,1.95,-0.0560703,0,0.775888,319883
2,0,1.95,-0.0560703,0,0.778889,278494
2,0,1.95,-0.0560703,0,0.781891,273207
2,0,1.95,-0.0560703,0,0.784892,292143
2,0,1.95,-0.0560703,0,0.787894,264786
2,0,1.95,-0.0560703,0,0.790895,272235
2,0,1.95,-0.0560703,0,0.793897,271232
2,0,1.95,-0.0560703,0,0.796898,260024
2,0,1.95,-0.0560703,0,0.7999,247412
2,0,1.95,-0.0560703,0,0.802901,302324
2,0,1.95,-0.0560703,0,0.805903,247554
2,0,1.95,-0.0560703,0,0.808904,243775
2,0,1.95,-0.0560703,0,0.811906,250979
2,0,1.95,-0.0560703,0,0.814907,245582
2,0,1.95,-0.0560703,0,0.817909,301838
2,0,1.95,-0.0560703,0,0.82091,241918
2,0,1.95,-0.0560703,0,0.823912,252081
2,0,1.95,-0.0560703,0,0.826913,258050
2,0,1.95,-0.0560703,0,0.829915,234157
2,0,1.95,-0.0560703,0,0.832916,258976
2,0,1.95,-0.0560703,0,0.835918,239607
2,0,1.95,-0.0560703,0,0.838919,240558
2,0,1.95,-0.0560703,0,0.841921,218980
2,0,1.95,-0.0560703,0,0.844922,220684
2,0,1.95,-0.0560703,0,0.847924,248462
2,0,1.95,-0.0560703,0,0.850925,-180486
2,0,1.95,-0.0560703,0,0.853927,-208332
2,0,1.95,-0.0560703,0,0.856928,-224654
2,0,1.95,-0.0560703,0,0.85993,-237059
2,0,1.95,-0.0560703,0,0.862931,-232679
2,0,1.95,-0.0560703,0,0.865933,-255213
2,0,1.95,-0.0560703,0,0.868934,-231564
2,0,1.95,-0.0560703,0,0.871936,-254549
2,0,1.95,-0.0560703,0,0.874937,-249533
2,0,1.95,-0.0560703,0,0.877939,-261707
2,0,1.95,-0.0560703,0,0.88094,-300886
2,0,1.95,-0.0560703,0,0.883942,-248607
2,0,1.95,-0.0560703,0,0.886943,-277486
2,0,1.95,-0.0560703,0,0.889945,-250450
2,0,1.95,-0.0560703,0,0.892946,-325192
2,0,1.95,-0.0560703,0,0.895948,-284293
2,0,1.95,-0.0560703,0,0.898949,-260467
2,0,1.95,-0.0560703,0,0.901951,-253581
2,0,1.95,-0.0560703,0,0.904952,-263562
2,0,1.95,-0.0560703,0,0.907954,-283519
2,0,1.95,-0.0560703,0,0.910955,-285722
2,0,1.95,-0.0560703,0,0.913957,-262447
2,0,1.95,-0.0560703,0,0.916958,-277818
2,0,1.95,-0.0560703,0,0.91996,-269900
2,0,1.95,-0.0560703,0,0.922961,-263485
2,0,1.95,-0.0560703,0,0.925963,-274697
2,0,1.95,-0.0560703,0,0.928964,-283255
2,0,1.95,-0.0560703,0,0.931966,-268867
2,0,1.95,-0.0560703,0,0.934967,-292197
2,0,1.95,-0.0560703,0,0.937969,-299056
2,0,1.95,-0.0560703,0,0.94097,-295156
2,0,1.95,-0.0560703,0,0.943972,-279551
2,0,1.95,-0.0560703,0,0.946973,-334446
2,0,1.95,-0.0560703,0,0.949975,-292769
2,0,1.95,-0.0560703,0,0.952976,-290580
2,0,1.95,-0.0560703,0,0.955978,-284996
2,0,1.95,-0.0560703,0,0.958979,-281971
2,0,1.95,-0.0560703,0,0.961981,-273136
2,0,1.95,-0.0560703,0,0.964982,-266198
2,0,1.95,-0.0560703,0,0.967984,-273877
2,0,1.95,-0.0560703,0,0.970985,-278110
2,0,1.95,-0.0560703,0,0.973987,-279866
2,0,1.95,-0.0560703,0,0.976988,-323153
2,0,1.95,-0.0560703,0,0.97999,-282507
2,0,1.95,-0.0560703,0,0.982991,-274134
2,0,1.95,-0.0560703,0,0.985993,-268876
2,0,1.95,-0.0560703,0,0.988994,-279847
2,0,1.95,-0.0560703,0,0.991996,-267917
2,0,1.95,-0.0560703,0,0.994997,-267011
2,0,1.95,-0.0560703,0,0.997999,-284535
2,0,1.95,-0.0560703,0,1.001,-268058
2,0,1.95,-0.0560703,0,1.004,-294379
2,0,1.95,-0.0560703,0,1.007,-281106
2,0,1.95,-0.0560703,0,1.01001,-308120
2,0,1.95,-0.0560703,0,1.01301,-271485
2,0,1.95,-0.0560703,0,1.01601,-292123
2,0,1.95,-0.0560703,0,1.01901,-279426
2,0,1.95,-0.0560703,0,1.02201,-289175
2,0,1.95,-0.0560703,0,1.02501,-266148
2,0,1.95,-0.0560703,0,1.02801,-281327
2,0,1.95,-0.0560703,0,1.03102,-282699
2,0,1.95,-0.0560703,0,1.03402,-287184
2,0,1.95,-0.0560703,0,1.03702,-275776
2,0,1.95,-0.0560703,0,1.04002,-286334
2,0,1.95,-0.0560703,0,1.04302,-301602
2,0,1.95,-0.0560703,0,1.04602,-281720
2,0,1.95,-0.0560703,0,1.04902,-300887
2,0,1.95,-0.0560703,0,1.05203,-276912
2,0,1.95,-0.0560703,0,1.05503,-269069
2,0,1.95,-0.0560703,0,1.05803,-286602
2,0,1.95,-0.0560703,0,1.06103,-283736
2,0,1.95,-0.0560703,0,1.06403,-267592
2,0,1.95,-0.0560703,0,1.06703,-289208
2,0,1.95,-0.0560703,0,1.07004,-264881
2,0,1.95,-0.0560703,0,1.07304,-277743
2,0,1.95,-0.0560703,0,1.07604,-269894
2,0,1.95,-0.0560703,0,1.07904,-256846
2,0,1.95,-0.0560703,0,1.08204,-276783
2,0,1.95,-0.0560703,0,1.08504,-306477
2,0,1.95,-0.0560703,0,1.08804,-257484
2,0,1.95,-0.0560703,0,1.09105,-262717
2,0,1.95,-0.0560703,0,1.09405,-249399
2,0,1.95,-0.0560703,0,1.09705,-247594
2,0,1.95,-0.0560703,0,1.10005,-259615
2,0,1.95,-0.0560703,0,1.10305,-263086
2,0,1.95,-0.0560703,0,1.10605,-265352
2,0,1.95,-0.0560703,0,1.10905,-294043
2,0,1.95,-0.0560703,0,1.11206,-243183
2,0,1.95,-0.0560703,0,1.11506,-237688
2,0,1.95,-0.0560703,0,1.11806,-233286
2,0,1.95,-0.0560703,0,1.12106,-251869
2,0,1.95,-0.0560703,0,1.12406,-224796
2,0,1.95,-0.0560703,0,1.12706,-241244
2,0,1.95,-0.0560703,0,1.13007,207704
2,0,1.95,-0.0560703,0,1.13307,219347
2,0,1.95,-0.0560703,0,1.13607,277933
2,0,1.95,-0.0560703,0,1.13907,284252
2,0,1.95,-0.0560703,0,1.14207,244484
2,0,1.95,-0.0560703,0,1.14507,288872
2,0,1.95,-0.0560703,0,1.14807,274865
2,0,1.95,-0.0560703,0,1.15108,244660
2,0,1.95,-0.0560703,0,1.15408,249793
2,0,1.95,-0.0560703,0,1.15708,281446
2,0,1.95,-0.0560703,0,1.16008,255162
2,0,1.95,-0.0560703,0,1.16308,256445
2,0,1.95,-0.0560703,0,1.16608,280033
2,0,1.95,-0.0560703,0,1.16908,260058
2,0,1.95,-0.0560703,0,1.17209,274184
2,0,1.95,-0.0560703,0,1.17509,258679
2,0,1.95,-0.0560703,0,1.17809,276188
2,0,1.95,-0.0560703,0,1.18109,270861
2,0,1.95,-0.0560703,0,1.18409,267727
2,0,1.95,-0.0560703,0,1.18709,322880
2,0,1.95,-0.0560703,0,1.1901,293876
2,0,1.95,-0.0560703,0,1.1931,288412
2,0,1.95,-0.0560703,0,1.1961,283293
2,0,1.95,-0.0560703,0,1.1991,267945
2,0,1.95,-0.0560703,0,1.2021,270679
2,0,1.95,-0.0560703,0,1.2051,270984
2,0,1.95,-0.0560703,0,1.2081,301107
2,0,1.95,-0.0560703,0,1.21111,294641
2,0,1.95,-0.0560703,0,1.21411,309864
2,0,1.95,-0.0560703,0,1.21711,277511
2,0,1.95,-0.0560703,0,1.22011,276825
2,0,1.95,-0.0560703,0,1.22311,294958
2,0,1.95,-0.0560703,0,1.22611,305163
2,0,1.95,-0.0560703,0,1.22911,350473
2,0,1.95,-0.0560703,0,1.23212,290043
2,0,1.95,-0.0560703,0,1.23512,284607
2,0,1.95,-0.0560703,0,1.23812,284263
2,0,1.95,-0.0560703,0,1.24112,285365
2,0,1.95,-0.0560703,0,1.24412,335645
2,0,1.95,-0.0560703,0,1.24712,333706
2,0,1.95,-0.0560703,0,1.25013,277456
2,0,1.95,-0.0560703,0,1.25313,300849
2,0,1.95,-0.0560703,0,1.25613,309365
2,0,1.95,-0.0560703,0,1.25913,307823
2,0,1.95,-0.0560703,0,1.26213,308271
2,0,1.95,-0.0560703,0,1.26513,278344
2,0,1.95,-0.0560703,0,1.26813,279231
2,0,1.95,-0.0560703,0,1.27114,284479
2,0,1.95,-0.0560703,0,1.27414,288810
2,0,1.95,-0.0560703,0,1.27714,315461
2,0,1.95,-0.0560703,0,1.28014,320299
2,0,1.95,-0.0560703,0,1.28314,285522
2,0,1.95,-0.0560703,0,1.28614,285854
2,0,1.95,-0.0560703,0,1.28914,311071
2,0,1.95,-0.0560703,0,1.29215,278032
2,0,1.95,-0.0560703,0,1.29515,300591
2,0,1.95,-0.0560703,0,1.29815,291051
2,0,1.95,-0.0560703,0,1.30115,311210
2,0,1.95,-0.0560703,0,1.30415,291264
2,0,1.95,-0.0560703,0,1.30715,297482
2,0,1.95,-0.0560703,0,1.31016,280309
2,0,1.95,-0.0560703,0,1.31316,319399
2,0,1.95,-0.0560703,0,1.31616,292708
2,0,1.95,-0.0560703,0,1.31916,282177
2,0,1.95,-0.0560703,0,1.32216,282385
2,0,1.95,-0.0560703,0,1.32516,306394
2,0,1.95,-0.0560703,0,1.32816,299790
2,0,1.95,-0.0560703,0,1.33117,287190
2,0,1.95,-0.0560703,0,1.33417,284671
2,0,1.95,-0.0560703,0,1.33717,315589
2,0,1.95,-0.0560703,0,1.34017,296350
2,0,1.95,-0.0560703,0,1.34317,279797
2,0,1.95,-0.0560703,0,1.34617,280235
2,0,1.95,-0.0560703,0,1.34917,271988
2,0,1.95,-0.0560703,0,1.35218,268291
2,0,1.95,-0.0560703,0,1.35518,278618
2,0,1.95,-0.0560703,0,1.35818,299114
2,0,1.95,-0.0560703,0,1.36118,282822
2,0,1.95,-0.0560703,0,1.36418,294256
2,0,1.95,-0.0560703,0,1.36718,279713
2,0,1.95,-0.0560703,0,1.37019,270614
2,0,1.95,-0.0560703,0,1.37319,264576
2,0,1.95,-0.0560703,0,1.37619,264687
2,0,1.95,-0.0560703,0,1.37919,248314
2,0,1.95,-0.0560703,0,1.38219,247005
2,0,1.95,-0.0560703,0,1.38519,284610
2,0,1.95,-0.0560703,0,1.38819,241323
2,0,1.95,-0.0560703,0,1.3912,239776
2,0,1.95,-0.0560703,0,1.3942,238938
2,0,1.95,-0.0560703,0,1.3972,220071
2,0,1.95,-0.0560703,0,1.4002,-242761
2,0,1.95,-0.0560703,0,1.4032,-245773
2,0,1.95,-0.0560703,0,1.4062,-263010
2,0,1.95,-0.0560703,0,1.4092,-258058
2,0,1.95,-0.0560703,0,1.41221,-287136
2,0,1.95,-0.0560703,0,1.41521,-263021
2,0,1.95,-0.0560703,0,1.41821,-302198
2,0,1.95,-0.0560703,0,1.42121,-261646
2,0,1.95,-0.0560703,0,1.42421,-257910
2,0,1.95,-0.0560703,0,1.42721,-290560
2,0,1.95,-0.0560703,0,1.43022,-287736
2,0,1.95,-0.0560703,0,1.43322,-269378
2,0,1.95,-0.0560703,0,1.43622,-295933
2,0,1.95,-0.0560703,0,1.43922,-297140
2,0,1.95,-0.0560703,0,1.44222,-268809
2,0,1.95,-0.0560703,0,1.44522,-270603
2,0,1.95,-0.0560703,0,1.44822,-291227
2,0,1.95,-0.0560703,0,1.45123,-302749
2,0,1.95,-0.0560703,0,1.45423,-285068
2,0,1.95,-0.0560703,0,1.45723,-343922
2,0,1.95,-0.0560703,0,1.46023,-279598
2,0,1.95,-0.0560703,0,1.46323,-300329
2,0,1.95,-0.0560703,0,1.46623,-306258
2,0,1.95,-0.0560703,0,1.46923,-283922
2,0,1.95,-0.0560703,0,1.47224,-316836
2,0,1.95,-0.0560703,0,1.47524,-332383
2,0,1.95,-0.0560703,0,1.47824,-283752
2,0,1.95,-0.0560703,0,1.48124,-283203
2,0,1.95,-0.0560703,0,1.48424,-308195
2,0,1.95,-0.0560703,0,1.48724,-291265
2,0,1.95,-0.0560703,0,1.49025,-285494
2,0,1.95,-0.0560703,0,1.49325,-290750
2,0,1.95,-0.0560703,0,1.49625,-301445
2,0,1.95,-0.0560703,0,1.49925,-302912
2,0,1.95,-0.0560703,0,1.50225,-316357
2,0,1.95,-0.0560703,0,1.50525,-292338
2,0,1.95,-0.0560703,0,1.50825,-290310
2,0,1.95,-0.0560703,0,1.51126,-298763
2,0,1.95,-0.0560703,0,1.51426,-301375
2,0,1.95,-0.0560703,0,1.51726,-295038
2,0,1.95,-0.0560703,0,1.52026,-322872
2,0,1.95,-0.0560703,0,1.52326,-299192
2,0,1.95,-0.0560703,0,1.52626,-307961
2,0,1.95,-0.0560703,0,1.52926,-301046
2,0,1.95,-0.0560703,0,1.53227,-298218
2,0,1.95,-0.0560703,0,1.53527,-306029
2,0,1.95,-0.0560703,0,1.53827,-321819
2,0,1.95,-0.0560703,0,1.54127,-305231
2,0,1.95,-0.0560703,0,1.54427,-298020
2,0,1.95,-0.0560703,0,1.54727,-292174
2,0,1.95,-0.0560703,0,1.55028,-312492
2,0,1.95,-0.0560703,0,1.55328,-321462
2,0,1.95,-0.0560703,0,1.55628,-335350
2,0,1.95,-0.0560703,0,1.55928,-289729
2,0,1.95,-0.0560703,0,1.56228,-338927
2,0,1.95,-0.0560703,0,1.56528,-322034
2,0,1.95,-0.0560703,0,1.56828,-312872
2,0,1.95,-0.0560703,0,1.57129,-335662
2,0,1.95,-0.0560703,0,1.57429,-302372
2,0,1.95,-0.0560703,0,1.57729,-310709
2,0,1.95,-0.0560703,0,1.58029,-298131
2,0,1.95,-0.0560703,0,1.58329,-289817
2,0,1.95,-0.0560703,0,1.58629,-315389
2,0,1.95,-0.0560703,0,1.58929,-284571
2,0,1.95,-0.0560703,0,1.5923,-310340
2,0,1.95,-0.0560703,0,1.5953,-325713
2,0,1.95,-0.0560703,0,1.5983,-312802
2,0,1.95,-0.0560703,0,1.6013,-307093
2,0,1.95,-0.0560703,0,1.6043,-291943
2,0,1.95,-0.0560703,0,1.6073,-275569
2,0,1.95,-0.0560703,0,1.61031,-315492
2,0,1.95,-0.0560703,0,1.61331,-288620
2,0,1.95,-0.0560703,0,1.61631,-298030
2,0,1.95,-0.0560703,0,1.61931,-290332
2,0,1.95,-0.0560703,0,1.62231,-286004
2,0,1.95,-0.0560703,0,1.62531,-310152
2,0,1.95,-0.0560703,0,1.62831,-273306
2,0,1.95,-0.0560703,0,1.63132,-264443
2,0,1.95,-0.0560703,0,1.63432,-270576
2,0,1.95,-0.0560703,0,1.63732,-313694
2,0,1.95,-0.0560703,0,1.64032,-324997
2,0,1.95,-0.0560703,0,1.64332,-266842
2,0,1.95,-0.0560703,0,1.64632,-276236
2,0,1.95,-0.0560703,0,1.64932,-267073
2,0,1.95,-0.0560703,0,1.65233,-282210
2,0,1.95,-0.0560703,0,1.65533,-261401
2,0,1.95,-0.0560703,0,1.65833,-268781
2,0,1.95,-0.0560703,0,1.66133,-238630
2,0,1.95,-0.0560703,0,1.66433,-218703
2,0,1.95,-0.0560703,0,1.66733,-187878
2,0,1.95,-0.0560703,0,1.67034,227357
2,0,1.95,-0.0560703,0,1.67334,247130
2,0,1.95,-0.0560703,0,1.67634,237624
2,0,1.95,-0.0560703,0,1.67934,268807
2,0,1.95,-0.0560703,0,1.68234,253585
2,0,1.95,-0.0560703,0,1.68534,279326
2,0,1.95,-0.0560703,0,1.68834,270841
2,0,1.95,-0.0560703,0,1.69135,249121
2,0,1.95,-0.0560703,0,1.69435,272079
2,0,1.95,-0.0560703,0,1.69735,276218
2,0,1.95,-0.0560703,0,1.70035,256500
2,0,1.95,-0.0560703,0,1.70335,270914
2,0,1.95,-0.0560703,0,1.70635,266177
2,0,1.95,-0.0560703,0,1.70935,275593
2,0,1.95,-0.0560703,0,1.71236,276303
2,0,1.95,-0.0560703,0,1.71536,276069
2,0,1.95,-0.0560703,0,1.71836,283293
2,0,1.95,-0.0560703,0,1.72136,277237
2,0,1.95,-0.0560703,0,1.72436,276968
2,0,1.95,-0.0560703,0,1.72736,283309
2,0,1.95,-0.0560703,0,1.73037,279752
2,0,1.95,-0.0560703,0,1.73337,278474
2,0,1.95,-0.0560703,0,1.73637,268068
2,0,1.95,-0.0560703,0,1.73937,288943
2,0,1.95,-0.0560703,0,1.74237,281752
2,0,1.95,-0.0560703,0,1.74537,262193
2,0,1.95,-0.0560703,0,1.74837,271573
2,0,1.95,-0.0560703,0,1.75138,295244
2,0,1.95,-0.0560703,0,1.75438,291730
2,0,1.95,-0.0560703,0,1.75738,266103
2,0,1.95,-0.0560703,0,1.76038,265157
2,0,1.95,-0.0560703,0,1.76338,254479
2,0,1.95,-0.0560703,0,1.76638,252246
2,0,1.95,-0.0560703,0,1.76938,280845
2,0,1.95,-0.0560703,0,1.77239,259882
2,0,1.95,-0.0560703,0,1.77539,252460
2,0,1.95,-0.0560703,0,1.77839,267236
2,0,1.95,-0.0560703,0,1.78139,289365
2,0,1.95,-0.0560703,0,1.78439,245849
2,0,1.95,-0.0560703,0,1.78739,245938
2,0,1.95,-0.0560703,0,1.7904,239942
2,0,1.95,-0.0560703,0,1.7934,281027
2,0,1.95,-0.0560703,0,1.7964,236598
2,0,1.95,-0.0560703,0,1.7994,201735
2,0,1.95,-0.0560703,0,1.8024,-232684
2,0,1.95,-0.0560703,0,1.8054,-220118
2,0,1.95,-0.0560703,0,1.8084,-223060
2,0,1.95,-0.0560703,0,1.81141,-232987
2,0,1.95,-0.0560703,0,1.81441,-254881
2,0,1.95,-0.0560703,0,1.81741,-238853
2,0,1.95,-0.0560703,0,1.82041,-258295
2,0,1.95,-0.0560703,0,1.82341,-276108
2,0,1.95,-0.0560703,0,1.82641,-247697
2,0,1.95,-0.0560703,0,1.82941,-263823
2,0,1.95,-0.0560703,0,1.83242,-266934
2,0,1.95,-0.0560703,0,1.83542,-251280
2,0,1.95,-0.0560703,0,1.83842,-286089
2,0,1.95,-0.0560703,0,1.84142,-255636
2,0,1.95,-0.0560703,0,1.84442,-298018
2,0,1.95,-0.0560703,0,1.84742,-291736
2,0,1.95,-0.0560703,0,1.85043,-253509
2,0,1.95,-0.0560703,0,1.85343,-246241
2,0,1.95,-0.0560703,0,1.85643,-270898
2,0,1.95,-0.0560703,0,1.85943,-267396
2,0,1.95,-0.0560703,0,1.86243,-281707
2,0,1.95,-0.0560703,0,1.86543,-255548
2,0,1.95,-0.0560703,0,1.86843,-266269
2,0,1.95,-0.0560703,0,1.87144,-241100
2,0,1.95,-0.0560703,0,1.87444,-258574
2,0,1.95,-0.0560703,0,1.87744,-245872
2,0,1.95,-0.0560703,0,1.88044,-256698
2,0,1.95,-0.0560703,0,1.88344,-236720
2,0,1.95,-0.0560703,0,1.88644,-212309
2,0,1.95,-0.0560703,0,1.88944,-197139
2,0,1.95,-0.0560703,0,1.89245,225167
2,0,1.95,-0.0560703,0,1.89545,223591
2,0,1.95,-0.0560703,0,1.89845,228203
2,0,1.95,-0.0560703,0,1.90145,257582
2,0,1.95,-0.0560703,0,1.90445,279000
2,0,1.95,-0.0560703,0,1.90745,293981
2,0,1.95,-0.0560703,0,1.91046,275909
2,0,1.95,-0.0560703,0,1.91346,244767
2,0,1.95,-0.0560703,0,1.91646,276227
2,0,1.95,-0.0560703,0,1.91946,260895
2,0,1.95,-0.0560703,0,1.92246,248679
2,0,1.95,-0.0560703,0,1.92546,268293
2,0,1.95,-0.0560703,0,1.92846,270899
2,0,1.95,-0.0560703,0,1.93147,265363
2,0,1.95,-0.0560703,0,1.93447,262687
2,0,1.95,-0.0560703,0,1.93747,241349
2,0,1.95,-0.0560703,0,1.94047,239470
2,0,1.95,-0.0560703,0,1.94347,235077
2,0,1.95,-0.0560703,0,1.94647,230706
2,0,1.95,-0.0560703,0,1.94947,184780
2,0,1.95,-0.0560703,0,1.95248,-244189
2,0,1.95,-0.0560703,0,1.95548,-279049
2,0,1.95,-0.0560703,0,1.95848,-256641
2,0,1.95,-0.0560703,0,1.96148,-272523
2,0,1.95,-0.0560703,0,1.96448,-273074
2,0,1.95,-0.0560703,0,1.96748,-289670
2,0,1.95,-0.0560703,0,1.97049,-294732
2,0,1.95,-0.0560703,0,1.97349,-302113
2,0,1.95,-0.0560703,0,1.97649,-277246
2,0,1.95,-0.0560703,0,1.97949,-304840
2,0,1.95,-0.0560703,0,1.98249,-281645
2,0,1.95,-0.0560703,0,1.98549,-275401
2,0,1.95,-0.0560703,0,1.98849,-277491
2,0,1.95,-0.0560703,0,1.9915,-288107
2,0,1.95,-0.0560703,0,1.9945,-271217
2,0,1.95,-0.0560703,0,1.9975,-266109
2,0,1.95,-0.0560703,0,2.0005,220199
2,0,1.95,-0.0560703,0,2.0035,279016
2,0,1.95,-0.0560703,0,2.0065,312136
2,0,1.95,-0.0560703,0,2.0095,283351
2,0,1.95,-0.0560703,0,2.01251,300083
2,0,1.95,-0.0560703,0,2.01551,319809
2,0,1.95,-0.0560703,0,2.01851,330887
2,0,1.95,-0.0560703,0,2.02151,343671
2,0,1.95,-0.0560703,0,2.02451,327690
2,0,1.95,-0.0560703,0,2.02751,350105
2,0,1.95,-0.0560703,0,2.03052,365478
2,0,1.95,-0.0560703,0,2.03352,354047
2,0,1.95,-0.0560703,0,2.03652,376676
2,0,1.95,-0.0560703,0,2.03952,360299
2,0,1.95,-0.0560703,0,2.04252,373395
2,0,1.95,-0.0560703,0,2.04552,376114
2,0,1.95,-0.0560703,0,2.04852,379811
2,0,1.95,-0.0560703,0,2.05153,380366
2,0,1.95,-0.0560703,0,2.05453,382544
2,0,1.95,-0.0560703,0,2.05753,405586
2,0,1.95,-0.0560703,0,2.06053,396104
2,0,1.95,-0.0560703,0,2.06353,398477
2,0,1.95,-0.0560703,0,2.06653,408848
2,0,1.95,-0.0560703,0,2.06953,423838
2,0,1.95,-0.0560703,0,2.07254,423765
2,0,1.95,-0.0560703,0,2.07554,461914
2,0,1.95,-0.0560703,0,2.07854,450199
2,0,1.95,-0.0560703,0,2.08154,473645
2,0,1.95,-0.0560703,0,2.08454,447403
2,0,1.95,-0.0560703,0,2.08754,503287
2,0,1.95,-0.0560703,0,2.09055,463572
2,0,1.95,-0.0560703,0,2.09355,479525
2,0,1.95,-0.0560703,0,2.09655,483509
2,0,1.95,-0.0560703,0,2.09955,533873
2,0,1.95,-0.0560703,0,2.10255,492645
2,0,1.95,-0.0560703,0,2.10555,570871
2,0,1.95,-0.0560703,0,2.10855,576724
2,0,1.95,-0.0560703,0,2.11156,573204
2,0,1.95,-0.0560703,0,2.11456,534032
2,0,1.95,-0.0560703,0,2.11756,535365
2,0,1.95,-0.0560703,0,2.12056,603315
2,0,1.95,-0.0560703,0,2.12356,548755
2,0,1.95,-0.0560703,0,2.12656,595716
2,0,1.95,-0.0560703,0,2.12956,614654
2,0,1.95,-0.0560703,0,2.13257,646860
2,0,1.95,-0.0560703,0,2.13557,660834
2,0,1.95,-0.0560703,0,2.13857,639202
2,0,1.95,-0.0560703,0,2.14157,644983
2,0,1.95,-0.0560703,0,2.14457,685840
2,0,1.95,-0.0560703,0,2.14757,665529
2,0,1.95,-0.0560703,0,2.15058,698676
2,0,1.95,-0.0560703,0,2.15358,740152
2,0,1.95,-0.0560703,0,2.15658,687994
2,0,1.95,-0.0560703,0,2.15958,732383
2,0,1.95,-0.0560703,0,2.16258,718045
2,0,1.95,-0.0560703,0,2.16558,707533
2,0,1.95,-0.0560703,0,2.16858,763622
2,0,1.95,-0.0560703,0,2.17159,733658
2,0,1.95,-0.0560703,0,2.17459,762970
2,0,1.95,-0.0560703,0,2.17759,815782
2,0,1.95,-0.0560703,0,2.18059,809627
2,0,1.95,-0.0560703,0,2.18359,801357
2,0,1.95,-0.0560703,0,2.18659,814159
2,0,1.95,-0.0560703,0,2.18959,818427
2,0,1.95,-0.0560703,0,2.1926,835338
2,0,1.95,-0.0560703,0,2.1956,883475
2,0,1.95,-0.0560703,0,2.1986,893146
2,0,1.95,-0.0560703,0,2.2016,926850
2,0,1.95,-0.0560703,0,2.2046,979419
2,0,1.95,-0.0560703,0,2.2076,925670
2,0,1.95,-0.0560703,0,2.21061,961567
2,0,1.95,-0.0560703,0,2.21361,1.02323e+06
2,0,1.95,-0.0560703,0,2.21661,999278
2,0,1.95,-0.0560703,0,2.21961,1.07656e+06
2,0,1.95,-0.0560703,0,2.22261,1.05831e+06
2,0,1.95,-0.0560703,0,2.22561,1.0231e+06
2,0,1.95,-0.0560703,0,2.22861,1.0442e+06
2,0,1.95,-0.0560703,0,2.23162,1.03541e+06
2,0,1.95,-0.0560703,0,2.23462,1.10271e+06
2,0,1.95,-0.0560703,0,2.23762,1.0147e+06
2,0,1.95,-0.0560703,0,2.24062,1.04497e+06
2,0,1.95,-0.0560703,0,2.24362,1.03923e+06
2,0,1.95,-0.0560703,0,2.24662,1.0231e+06
2,0,1.95,-0.0560703,0,2.24962,1.02343e+06
2,0,1.95,-0.0560703,0,2.25263,1.03649e+06
2,0,1.95,-0.0560703,0,2.25563,1.03393e+06
2,0,1.95,-0.0560703,0,2.25863,1.03836e+06
2,0,1.95,-0.0560703,0,2.26163,1.01631e+06
2,0,1.95,-0.0560703,0,2.26463,1.00655e+06
2,0,1.95,-0.0560703,0,2.26763,1.01655e+06
2,0,1.95,-0.0560703,0,2.27064,1.09233e+06
2,0,1.95,-0.0560703,0,2.27364,1.05259e+06
2,0,1.95,-0.0560703,0,2.27664,1.05251e+06
2,0,1.95,-0.0560703,0,2.27964,1.03561e+06
2,0,1.95,-0.0560703,0,2.28264,1.00869e+06
2,0,1.95,-0.0560703,0,2.28564,1.03676e+06
2,0,1.95,-0.0560703,0,2.28864,1.00353e+06
2,0,1.95,-0.0560703,0,2.29165,1.07094e+06
2,0,1.95,-0.0560703,0,2.29465,1.01966e+06
2,0,1.95,-0.0560703,0,2.29765,1.03655e+06
2,0,1.95,-0.0560703,0,2.30065,1.06507e+06
2,0,1.95,-0.0560703,0,2.30365,1.04067e+06
2,0,1.95,-0.0560703,0,2.30665,1.01008e+06
2,0,1.95,-0.0560703,0,2.30965,1.03674e+06
2,0,1.95,-0.0560703,0,2.31266,1.04536e+06
2,0,1.95,-0.0560703,0,2.31566,1.04801e+06
2,0,1.95,-0.0560703,0,2.31866,1.04411e+06
2,0,1.95,-0.0560703,0,2.32166,1.06631e+06
2,0,1.95,-0.0560703,0,2.32466,1.06131e+06
2,0,1.95,-0.0560703,0,2.32766,1.02084e+06
2,0,1.95,-0.0560703,0,2.33067,1.01971e+06
2,0,1.95,-0.0560703,0,2.33367,1.0341e+06
2,0,1.95,-0.0560703,0,2.33667,1.00302e+06
2,0,1.95,-0.0560703,0,2.33967,1.02484e+06
2,0,1.95,-0.0560703,0,2.34267,1.0107e+06
2,0,1.95,-0.0560703,0,2.34567,1.00427e+06
2,0,1.95,-0.0560703,0,2.34867,1.05635e+06
2,0,1.95,-0.0560703,0,2.35168,1.01617e+06
2,0,1.95,-0.0560703,0,2.35468,1.00016e+06
2,0,1.95,-0.0560703,0,2.35768,1.0006e+06
2,0,1.95,-0.0560703,0,2.36068,1.00982e+06
2,0,1.95,-0.0560703,0,2.36368,1.00514e+06
2,0,1.95,-0.0560703,0,2.36668,1.02212e+06
2,0,1.95,-0.0560703,0,2.36968,1.00286e+06
2,0,1.95,-0.0560703,0,2.37269,1.00411e+06
2,0,1.95,-0.0560703,0,2.37569,1.00054e+06
2,0,1.95,-0.0560703,0,2.37869,1.08445e+06
2,0,1.95,-0.0560703,0,2.38169,1.03025e+06
2,0,1.95,-0.0560703,0,2.38469,1.00021e+06
2,0,1.95,-0.0560703,0,2.38769,1.03479e+06
2,0,1.95,-0.0560703,0,2.3907,1.08054e+06
2,0,1.95,-0.0560703,0,2.3937,1.01954e+06
2,0,1.95,-0.0560703,0,2.3967,1.01017e+06
2,0,1.95,-0.0560703,0,2.3997,1.01083e+06
2,0,1.95,-0.0560703,0,2.4027,1.01447e+06
2,0,1.95,-0.0560703,0,2.4057,1.07092e+06
2,0,1.95,-0.0560703,0,2.4087,1.06397e+06
2,0,1.95,-0.0560703,0,2.41171,1.04836e+06
2,0,1.95,-0.0560703,0,2.41471,1.10654e+06
2,0,1.95,-0.0560703,0,2.41771,1.00625e+06
2,0,1.95,-0.0560703,0,2.42071,1.04746e+06
2,0,1.95,-0.0560703,0,2.42371,1.11595e+06
2,0,1.95,-0.0560703,0,2.42671,1.00315e+06
2,0,1.95,-0.0560703,0,2.42971,1.00152e+06
2,0,1.95,-0.0560703,0,2.43272,1.05815e+06
2,0,1.95,-0.0560703,0,2.43572,1.0193e+06
2,0,1.95,-0.0560703,0,2.43872,1.03026e+06
2,0,1.95,-0.0560703,0,2.44172,1.04722e+06
2,0,1.95,-0.0560703,0,2.44472,1.05727e+06
2,0,1.95,-0.0560703,0,2.44772,1.17917e+06
2,0,1.95,-0.0560703,0,2.45073,1.13412e+06
2,0,1.95,-0.0560703,0,2.45373,1.03761e+06
2,0,1.95,-0.0560703,0,2.45673,1.01132e+06
2,0,1.95,-0.0560703,0,2.45973,1.04106e+06
2,0,1.95,-0.0560703,0,2.46273,1.0389e+06
2,0,1.95,-0.0560703,0,2.46573,1.07125e+06
2,0,1.95,-0.0560703,0,2.46873,1.03924e+06
2,0,1.95,-0.0560703,0,2.47174,1.04363e+06
2,0,1.95,-0.0560703,0,2.47474,1.09577e+06
2,0,1.95,-0.0560703,0,2.47774,1.17874e+06
2,0,1.95,-0.0560703,0,2.48074,1.25702e+06
2,0,1.95,-0.0560703,0,2.48374,1.08635e+06
2,0,1.95,-0.0560703,0,2.48674,1.0089e+06
2,0,1.95,-0.0560703,0,2.48974,1.14088e+06
2,0,1.95,-0.0560703,0,2.49275,1.08276e+06
2,0,1.95,-0.0560703,0,2.49575,1.02255e+06
2,0,1.95,-0.0560703,0,2.49875,1.02509e+06
2,0,1.95,-0.0560703,0,2.50175,1.10587e+06
2,0,1.95,-0.0560703,0,2.50475,1.13835e+06
2,0,1.95,-0.0560703,0,2.50775,1.12702e+06
2,0,1.95,-0.0560703,0,2.51076,1.07991e+06
2,0,1.95,-0.0560703,0,2.51376,1.09767e+06
2,0,1.95,-0.0560703,0,2.51676,1.12422e+06
2,0,1.95,-0.0560703,0,2.51976,1.04857e+06
2,0,1.95,-0.0560703,0,2.52276,1.07436e+06
2,0,1.95,-0.0560703,0,2.52576,1.10601e+06
2,0,1.95,-0.0560703,0,2.52876,1.07129e+06
2,0,1.95,-0.0560703,0,2.53177,1.03423e+06
2,0,1.95,-0.0560703,0,2.53477,1.02742e+06
2,0,1.95,-0.0560703,0,2.53777,1.0046e+06
2,0,1.95,-0.0560703,0,2.54077,1.10305e+06
2,0,1.95,-0.0560703,0,2.54377,1.02465e+06
2,0,1.95,-0.0560703,0,2.54677,1.04689e+06
2,0,1.95,-0.0560703,0,2.54977,1.10548e+06
2,0,1.95,-0.0560703,0,2.55278,1.00877e+06
2,0,1.95,-0.0560703,0,2.55578,1.0604e+06
2,0,1.95,-0.0560703,0,2.55878,1.03925e+06
2,0,1.95,-0.0560703,0,2.56178,1.05412e+06
2,0,1.95,-0.0560703,0,2.56478,1.02566e+06
2,0,1.95,-0.0560703,0,2.56778,1.05516e+06
2,0,1.95,-0.0560703,0,2.57079,1.14778e+06
2,0,1.95,-0.0560703,0,2.57379,1.14678e+06
2,0,1.95,-0.0560703,0,2.57679,1.0308e+06
2,0,1.95,-0.0560703,0,2.57979,1.23466e+06
2,0,1.95,-0.0560703,0,2.58279,1.03943e+06
2,0,1.95,-0.0560703,0,2.58579,1.00208e+06
2,0,1.95,-0.0560703,0,2.58879,1.0339e+06
2,0,1.95,-0.0560703,0,2.5918,1.02886e+06
2,0,1.95,-0.0560703,0,2.5948,1.08486e+06
2,0,1.95,-0.0560703,0,2.5978,1.19366e+06
2,0,1.95,-0.0560703,0,2.6008,1.0059e+06
2,0,1.95,-0.0560703,0,2.6038,1.18099e+06
2,0,1.95,-0.0560703,0,2.6068,1.02314e+06
2,0,1.95,-0.0560703,0,2.6098,1.00237e+06
2,0,1.95,-0.0560703,0,2.61281,1.02666e+06
2,0,1.95,-0.0560703,0,2.61581,1.18172e+06
2,0,1.95,-0.0560703,0,2.61881,1.11987e+06
2,0,1.95,-0.0560703,0,2.62181,1.10219e+06
2,0,1.95,-0.0560703,0,2.62481,1.00306e+06
2,0,1.95,-0.0560703,0,2.62781,1.07881e+06
2,0,1.95,-0.0560703,0,2.63082,1.01733e+06
2,0,1.95,-0.0560703,0,2.63382,1.04412e+06
2,0,1.95,-0.0560703,0,2.63682,1.06531e+06
2,0,1.95,-0.0560703,0,2.63982,1.02651e+06
2,0,1.95,-0.0560703,0,2.64282,1.08391e+06
2,0,1.95,-0.0560703,0,2.64582,1.00365e+06
2,0,1.95,-0.0560703,0,2.64882,1.14513e+06
2,0,1.95,-0.0560703,0,2.65183,1.11929e+06
2,0,1.95,-0.0560703,0,2.65483,1.06189e+06
2,0,1.95,-0.0560703,0,2.65783,1.0332e+06
2,0,1.95,-0.0560703,0,2.66083,1.01517e+06
2,0,1.95,-0.0560703,0,2.66383,1.16904e+06
2,0,1.95,-0.0560703,0,2.66683,1.04088e+06
2,0,1.95,-0.0560703,0,2.66983,1.06414e+06
2,0,1.95,-0.0560703,0,2.67284,1.10227e+06
2,0,1.95,-0.0560703,0,2.67584,1.00223e+06
2,0,1.95,-0.0560703,0,2.67884,1.14893e+06
2,0,1.95,-0.0560703,0,2.68184,1.02816e+06
2,0,1.95,-0.0560703,0,2.68484,1.00641e+06
2,0,1.95,-0.0560703,0,2.68784,1.06042e+06
2,0,1.95,-0.0560703,0,2.69085,1.05575e+06
2,0,1.95,-0.0560703,0,2.69385,1.0385e+06
2,0,1.95,-0.0560703,0,2.69685,1.15095e+06
2,0,1.95,-0.0560703,0,2.69985,1.04417e+06
2,0,1.95,-0.0560703,0,2.70285,1.1078e+06
2,0,1.95,-0.0560703,0,2.70585,1.06866e+06
2,0,1.95,-0.0560703,0,2.70885,1.04857e+06
2,0,1.95,-0.0560703,0,2.71186,1.00546e+06
2,0,1.95,-0.0560703,0,2.71486,1.05715e+06
2,0,1.95,-0.0560703,0,2.71786,1.04278e+06
2,0,1.95,-0.0560703,0,2.72086,1.01121e+06
2,0,1.95,-0.0560703,0,2.72386,1.07274e+06
2,0,1.95,-0.0560703,0,2.72686,1.0558e+06
2,0,1.95,-0.0560703,0,2.72986,1.13462e+06
2,0,1.95,-0.0560703,0,2.73287,1.03872e+06
2,0,1.95,-0.0560703,0,2.73587,1.02107e+06
2,0,1.95,-0.0560703,0,2.73887,1.049e+06
2,0,1.95,-0.0560703,0,2.74187,1.05277e+06
2,0,1.95,-0.0560703,0,2.74487,1.06199e+06
2,0,1.95,-0.0560703,0,2.74787,1.09261e+06
2,0,1.95,-0.0560703,0,2.75088,1.00319e+06
2,0,1.95,-0.0560703,0,2.75388,1.0974e+06
2,0,1.95,-0.0560703,0,2.75688,1.05406e+06
2,0,1.95,-0.0560703,0,2.75988,1.01562e+06
2,0,1.95,-0.0560703,0,2.76288,1.01878e+06
2,0,1.95,-0.0560703,0,2.76588,1.18833e+06
2,0,1.95,-0.0560703,0,2.76888,1.03274e+06
2,0,1.95,-0.0560703,0,2.77189,1.00327e+06
2,0,1.95,-0.0560703,0,2.77489,1.01133e+06
2,0,1.95,-0.0560703,0,2.77789,1.1343e+06
2,0,1.95,-0.0560703,0,2.78089,1.01321e+06
2,0,1.95,-0.0560703,0,2.78389,1.01022e+06
2,0,1.95,-0.0560703,0,2.78689,1.08462e+06
2,0,1.95,-0.0560703,0,2.78989,1.12592e+06
2,0,1.95,-0.0560703,0,2.7929,1.09409e+06
2,0,1.95,-0.0560703,0,2.7959,1.11328e+06
2,0,1.95,-0.0560703,0,2.7989,1.15725e+06
2,0,1.95,-0.0560703,0,2.8019,1.00085e+06
2,0,1.95,-0.0560703,0,2.8049,1.04202e+06
2,0,1.95,-0.0560703,0,2.8079,1.211e+06
2,0,1.95,-0.0560703,0,2.81091,1.03922e+06
2,0,1.95,-0.0560703,0,2.81391,1.03012e+06
2,0,1.95,-0.0560703,0,2.81691,1.00321e+06
2,0,1.95,-0.0560703,0,2.81991,1.04927e+06
2,0,1.95,-0.0560703,0,2.82291,1.05644e+06
2,0,1.95,-0.0560703,0,2.82591,1.13491e+06
2,0,1.95,-0.0560703,0,2.82891,1.08112e+06
2,0,1.95,-0.0560703,0,2.83192,1.2197e+06
2,0,1.95,-0.0560703,0,2.83492,1.06718e+06
2,0,1.95,-0.0560703,0,2.83792,1.02198e+06
2,0,1.95,-0.0560703,0,2.84092,1.00542e+06
2,0,1.95,-0.0560703,0,2.84392,1.08418e+06
2,0,1.95,-0.0560703,0,2.84692,1.10435e+06
2,0,1.95,-0.0560703,0,2.84992,1.00044e+06
2,0,1.95,-0.0560703,0,2.85293,1.23382e+06
2,0,1.95,-0.0560703,0,2.85593,1.20639e+06
2,0,1.95,-0.0560703,0,2.85893,1.0121e+06
2,0,1.95,-0.0560703,0,2.86193,1.05562e+06
2,0,1.95,-0.0560703,0,2.86493,1.08819e+06
2,0,1.95,-0.0560703,0,2.86793,1.10869e+06
2,0,1.95,-0.0560703,0,2.87094,1.08168e+06
2,0,1.95,-0.0560703,0,2.87394,1.02761e+06
2,0,1.95,-0.0560703,0,2.87694,1.04015e+06
2,0,1.95,-0.0560703,0,2.87994,1.09735e+06
2,0,1.95,-0.0560703,0,2.88294,1.08017e+06
2,0,1.95,-0.0560703,0,2.88594,1.10933e+06
2,0,1.95,-0.0560703,0,2.88894,1.0877e+06
2,0,1.95,-0.0560703,0,2.89195,1.00023e+06
2,0,1.95,-0.0560703,0,2.89495,1.01379e+06
2,0,1.95,-0.0560703,0,2.89795,1.03219e+06
2,0,1.95,-0.0560703,0,2.90095,1.02457e+06
2,0,1.95,-0.0560703,0,2.90395,1.08869e+06
2,0,1.95,-0.0560703,0,2.90695,1.07792e+06
2,0,1.95,-0.0560703,0,2.90995,1.05212e+06
2,0,1.95,-0.0560703,0,2.91296,1.12401e+06
2,0,1.95,-0.0560703,0,2.91596,1.1131e+06
2,0,1.95,-0.0560703,0,2.91896,1.01721e+06
2,0,1.95,-0.0560703,0,2.92196,1.10589e+06
2,0,1.95,-0.0560703,0,2.92496,1.01507e+06
2,0,1.95,-0.0560703,0,2.92796,1.08942e+06
2,0,1.95,-0.0560703,0,2.93097,1.20041e+06
2,0,1.95,-0.0560703,0,2.93397,1.0646e+06
2,0,1.95,-0.0560703,0,2.93697,1.13919e+06
2,0,1.95,-0.0560703,0,2.93997,1.05426e+06
2,0,1.95,-0.0560703,0,2.94297,1.0539e+06
2,0,1.95,-0.0560703,0,2.94597,1.02369e+06
2,0,1.95,-0.0560703,0,2.94897,1.08939e+06
2,0,1.95,-0.0560703,0,2.95198,1.07231e+06
2,0,1.95,-0.0560703,0,2.95498,1.05618e+06
2,0,1.95,-0.0560703,0,2.95798,1.15036e+06
2,0,1.95,-0.0560703,0,2.96098,1.01695e+06
2,0,1.95,-0.0560703,0,2.96398,1.18242e+06
2,0,1.95,-0.0560703,0,2.96698,1.02389e+06
2,0,1.95,-0.0560703,0,2.96998,1.17986e+06
2,0,1.95,-0.0560703,0,2.97299,1.05609e+06
2,0,1.95,-0.0560703,0,2.97599,1.00163e+06
2,0,1.95,-0.0560703,0,2.97899,1.04247e+06
2,0,1.95,-0.0560703,0,2.98199,1.13675e+06
2,0,1.95,-0.0560703,0,2.98499,1.13478e+06
2,0,1.95,-0.0560703,0,2.98799,1.08199e+06
2,0,1.95,-0.0560703,0,2.991,1.04274e+06
2,0,1.95,-0.0560703,0,2.994,1.0293e+06
2,0,1.95,-0.0560703,0,2.997,1.01182e+06
2,0,1.95,-0.0560703,0,3,1.05258e+06

