2,0,1.95,0.030044,0,-3,329749
2,0,1.95,0.030044,0,-2.997,319593
2,0,1.95,0.030044,0,-2.994,367555
2,0,1.95,0.030044,0,-2.991,338094
2,0,1.95,0.030044,0,-2.98799,315949
2,0,1.95,0.030044,0,-2.98499,347571
2,0,1.95,0.030044,0,-2.98199,347926
2,0,1.95,0.030044,0,-2.97899,312929
2,0,1.95,0.030044,0,-2.97599,319465
2,0,1.95,0.030044,0,-2.97299,337011
2,0,1.95,0.030044,0,-2.96998,343286
2,0,1.95,0.030044,0,-2.96698,334073
2,0,1.95,0.030044,0,-2.96398,328231
2,0,1.95,0.030044,0,-2.96098,315095
2,0,1.95,0.030044,0,-2.95798,317917
2,0,1.95,0.030044,0,-2.95498,317412
2,0,1.95,0.030044,0,-2.95198,309617
2,0,1.95,0.030044,0,-2.94897,350820
2,0,1.95,0.030044,0,-2.94597,337378
2,0,1.95,0.030044,0,-2.94297,318481
2,0,1.95,0.030044,0,-2.93997,329087
2,0,1.95,0.030044,0,-2.93697,321356
2,0,1.95,0.030044,0,-2.93397,337653
2,0,1.95,0.030044,0,-2.93097,307402
2,0,1.95,0.030044,0,-2.92796,328122
2,0,1.95,0.030044,0,-2.92496,339983
2,0,1.95,0.030044,0,-2.92196,318749
2,0,1.95,0.030044,0,-2.91896,315976
2,0,1.95,0.030044,0,-2.91596,300147
2,0,1.95,0.030044,0,-2.91296,301412
2,0,1.95,0.030044,0,-2.90995,298929
2,0,1.95,0.030044,0,-2.90695,302379
2,0,1.95,0.030044,0,-2.90395,321443
2,0,1.95,0.030044,0,-2.90095,292046
2,0,1.95,0.030044,0,-2.89795,299542
2,0,1.95,0.030044,0,-2.89495,316480
2,0,1.95,0.030044,0,-2.89195,295039
2,0,1.95,0.030044,0,-2.88894,299447
2,0,1.95,0.030044,0,-2.88594,296978
2,0,1.95,0.030044,0,-2.88294,322787
2,0,1.95,0.030044,0,-2.87994,282053
2,0,1.95,0.030044,0,-2.87694,281010
2,0,1.95,0.030044,0,-2.87394,311168
2,0,1.95,0.030044,0,-2.87094,301990
2,0,1.95,0.030044,0,-2.86793,337697
2,0,1.95,0.030044,0,-2.86493,284731
2,0,1.95,0.030044,0,-2.86193,295756
2,0,1.95,0.030044,0,-2.85893,312297
2,0,1.95,0.030044,0,-2.85593,291414
2,0,1.95,0.030044,0,-2.85293,280742
2,0,1.95,0.030044,0,-2.84992,269527
2,0,1.95,0.030044,0,-2.84692,276740
2,0,1.95,0.030044,0,-2.84392,317584
2,0,1.95,0.030044,0,-2.84092,313245
2,0,1.95,0.030044,0,-2.83792,292780
2,0,1.95,0.030044,0,-2.83492,249749
2,0,1.95,0.030044,0,-2.83192,237489
2,0,1.95,0.030044,0,-2.82891,230550
2,0,1.95,0.030044,0,-2.82591,-264047
2,0,1.95,0.030044,0,-2.82291,-244958
2,0,1.95,0.030044,0,-2.81991,-265613
2,0,1.95,0.030044,0,-2.81691,-262740
2,0,1.95,0.030044,0,-2.81391,-323619
2,0,1.95,0.030044,0,-2.81091,-263105
2,0,1.95,0.030044,0,-2.8079,-280520
2,0,1.95,0.030044,0,-2.8049,-281052
2,0,1.95,0.030044,0,-2.8019,-297637
2,0,1.95,0.030044,0,-2.7989,-275713
2,0,1.95,0.030044,0,-2.7959,-325439
2,0,1.95,0.030044,0,-2.7929,-297747
2,0,1.95,0.030044,0,-2.78989,-332513
2,0,1.95,0.030044,0,-2.78689,-299017
2,0,1.95,0.030044,0,-2.78389,-302841
2,0,1.95,0.030044,0,-2.78089,-304135
2,0,1.95,0.030044,0,-2.77789,-310931
2,0,1.95,0.030044,0,-2.77489,-320069
2,0,1.95,0.030044,0,-2.77189,-347748
2,0,1.95,0.030044,0,-2.76888,-305942
2,0,1.95,0.030044,0,-2.76588,-310968
2,0,1.95,0.030044,0,-2.76288,-346047
2,0,1.95,0.030044,0,-2.75988,-293304
2,0,1.95,0.030044,0,-2.75688,-366485
2,0,1.95,0.030044,0,-2.75388,-343498
2,0,1.95,0.030044,0,-2.75088,-321585
2,0,1.95,0.030044,0,-2.74787,-352494
2,0,1.95,0.030044,0,-2.74487,-320255
2,0,1.95,0.030044,0,-2.74187,-321109
2,0,1.95,0.030044,0,-2.73887,-342775
2,0,1.95,0.030044,0,-2.73587,-311388
2,0,1.95,0.030044,0,-2.73287,-318159
2,0,1.95,0.030044,0,-2.72986,-334116
2,0,1.95,0.030044,0,-2.72686,-331689
2,0,1.95,0.030044,0,-2.72386,-319184
2,0,1.95,0.030044,0,-2.72086,-312945
2,0,1.95,0.030044,0,-2.71786,-352355
2,0,1.95,0.030044,0,-2.71486,-322756
2,0,1.95,0.030044,0,-2.71186,-328741
2,0,1.95,0.030044,0,-2.70885,-343134
2,0,1.95,0.030044,0,-2.70585,-318766
2,0,1.95,0.030044,0,-2.70285,-311516
2,0,1.95,0.030044,0,-2.69985,-320928
2,0,1.95,0.030044,0,-2.69685,-313801
2,0,1.95,0.030044,0,-2.69385,-328257
2,0,1.95,0.030044,0,-2.69085,-322870
2,0,1.95,0.030044,0,-2.68784,-317861
2,0,1.95,0.030044,0,-2.68484,-311411
2,0,1.95,0.030044,0,-2.68184,-326217
2,0,1.95,0.030044,0,-2.67884,-351944
2,0,1.95,0.030044,0,-2.67584,-370658
2,0,1.95,0.030044,0,-2.67284,-317207
2,0,1.95,0.030044,0,-2.66983,-336332
2,0,1.95,0.030044,0,-2.66683,-370442
2,0,1.95,0.030044,0,-2.66383,-384195
2,0,1.95,0.030044,0,-2.66083,-319495
2,0,1.95,0.030044,0,-2.65783,-318447
2,0,1.95,0.030044,0,-2.65483,-345638
2,0,1.95,0.030044,0,-2.65183,-345527
2,0,1.95,0.030044,0,-2.64882,-365182
2,0,1.95,0.030044,0,-2.64582,-395318
2,0,1.95,0.030044,0,-2.64282,-384352
2,0,1.95,0.030044,0,-2.63982,-317989
2,0,1.95,0.030044,0,-2.63682,-333115
2,0,1.95,0.030044,0,-2.63382,-342862
2,0,1.95,0.030044,0,-2.63082,-340581
2,0,1.95,0.030044,0,-2.62781,-322879
2,0,1.95,0.030044,0,-2.62481,-377540
2,0,1.95,0.030044,0,-2.62181,-332514
2,0,1.95,0.030044,0,-2.61881,-328684
2,0,1.95,0.030044,0,-2.61581,-379421
2,0,1.95,0.030044,0,-2.61281,-331203
2,0,1.95,0.030044,0,-2.6098,-360977
2,0,1.95,0.030044,0,-2.6068,-381366
2,0,1.95,0.030044,0,-2.6038,-343327
2,0,1.95,0.030044,0,-2.6008,-348731
2,0,1.95,0.030044,0,-2.5978,-343834
2,0,1.95,0.030044,0,-2.5948,-341068
2,0,1.95,0.030044,0,-2.5918,-326689
2,0,1.95,0.030044,0,-2.58879,-335073
2,0,1.95,0.030044,0,-2.58579,-344882
2,0,1.95,0.030044,0,-2.58279,-394897
2,0,1.95,0.030044,0,-2.57979,-329593
2,0,1.95,0.030044,0,-2.57679,-351022
2,0,1.95,0.030044,0,-2.57379,-336164
2,0,1.95,0.030044,0,-2.57079,-340646
2,0,1.95,0.030044,0,-2.56778,-339029
2,0,1.95,0.030044,0,-2.56478,-354215
2,0,1.95,0.030044,0,-2.56178,-332192
2,0,1.95,0.030044,0,-2.55878,-348102
2,0,1.95,0.030044,0,-2.55578,-332986
2,0,1.95,0.030044,0,-2.55278,-328470
2,0,1.95,0.030044,0,-2.54977,-330264
2,0,1.95,0.030044,0,-2.54677,-346958
2,0,1.95,0.030044,0,-2.54377,-349865
2,0,1.95,0.030044,0,-2.54077,-396448
2,0,1.95,0.030044,0,-2.53777,-349692
2,0,1.95,0.030044,0,-2.53477,-355574
2,0,1.95,0.030044,0,-2.53177,-329793
2,0,1.95,0.030044,0,-2.52876,-320031
2,0,1.95,0.030044,0,-2.52576,-352938
2,0,1.95,0.030044,0,-2.52276,-335996
2,0,1.95,0.030044,0,-2.51976,-347025
2,0,1.95,0.030044,0,-2.51676,-343001
2,0,1.95,0.030044,0,-2.51376,-341709
2,0,1.95,0.030044,0,-2.51076,-347184
2,0,1.95,0.030044,0,-2.50775,-337020
2,0,1.95,0.030044,0,-2.50475,-346627
2,0,1.95,0.030044,0,-2.50175,-338477
2,0,1.95,0.030044,0,-2.49875,-333616
2,0,1.95,0.030044,0,-2.49575,-327253
2,0,1.95,0.030044,0,-2.49275,-371970
2,0,1.95,0.030044,0,-2.48974,-370835
2,0,1.95,0.030044,0,-2.48674,-372018
2,0,1.95,0.030044,0,-2.48374,-348491
2,0,1.95,0.030044,0,-2.48074,-318071
2,0,1.95,0.030044,0,-2.47774,-327079
2,0,1.95,0.030044,0,-2.47474,-358227
2,0,1.95,0.030044,0,-2.47174,-394285
2,0,1.95,0.030044,0,-2.46873,-351347
2,0,1.95,0.030044,0,-2.46573,-347462
2,0,1.95,0.030044,0,-2.46273,-356627
2,0,1.95,0.030044,0,-2.45973,-330029
2,0,1.95,0.030044,0,-2.45673,-320876
2,0,1.95,0.030044,0,-2.45373,-324134
2,0,1.95,0.030044,0,-2.45073,-371828
2,0,1.95,0.030044,0,-2.44772,-365421
2,0,1.95,0.030044,0,-2.44472,-358988
2,0,1.95,0.030044,0,-2.44172,-352530
2,0,1.95,0.030044,0,-2.43872,-339527
2,0,1.95,0.030044,0,-2.43572,-339587
2,0,1.95,0.030044,0,-2.43272,-305008
2,0,1.95,0.030044,0,-2.42971,-332415
2,0,1.95,0.030044,0,-2.42671,-308576
2,0,1.95,0.030044,0,-2.42371,-317317
2,0,1.95,0.030044,0,-2.42071,-336236
2,0,1.95,0.030044,0,-2.41771,-344164
2,0,1.95,0.030044,0,-2.41471,-318761
2,0,1.95,0.030044,0,-2.41171,-331873
2,0,1.95,0.030044,0,-2.4087,-307897
2,0,1.95,0.030044,0,-2.4057,-327980
2,0,1.95,0.030044,0,-2.4027,-373145
2,0,1.95,0.030044,0,-2.3997,-298096
2,0,1.95,0.030044,0,-2.3967,-320334
2,0,1.95,0.030044,0,-2.3937,-311386
2,0,1.95,0.030044,0,-2.3907,-355597
2,0,1.95,0.030044,0,-2.38769,-329109
2,0,1.95,0.030044,0,-2.38469,-370509
2,0,1.95,0.030044,0,-2.38169,-313238
2,0,1.95,0.030044,0,-2.37869,-321403
2,0,1.95,0.030044,0,-2.37569,-323621
2,0,1.95,0.030044,0,-2.37269,-320491
2,0,1.95,0.030044,0,-2.36968,-351400
2,0,1.95,0.030044,0,-2.36668,-307276
2,0,1.95,0.030044,0,-2.36368,-313367
2,0,1.95,0.030044,0,-2.36068,-280906
2,0,1.95,0.030044,0,-2.35768,-309227
2,0,1.95,0.030044,0,-2.35468,-290131
2,0,1.95,0.030044,0,-2.35168,-279406
2,0,1.95,0.030044,0,-2.34867,-300428
2,0,1.95,0.030044,0,-2.34567,-318800
2,0,1.95,0.030044,0,-2.34267,-288040
2,0,1.95,0.030044,0,-2.33967,-272422
2,0,1.95,0.030044,0,-2.33667,-290222
2,0,1.95,0.030044,0,-2.33367,-277801
2,0,1.95,0.030044,0,-2.33067,-274553
2,0,1.95,0.030044,0,-2.32766,-255990
2,0,1.95,0.030044,0,-2.32466,-260852
2,0,1.95,0.030044,0,-2.32166,-238576
2,0,1.95,0.030044,0,-2.31866,201370
2,0,1.95,0.030044,0,-2.31566,282987
2,0,1.95,0.030044,0,-2.31266,246545
2,0,1.95,0.030044,0,-2.30965,260986
2,0,1.95,0.030044,0,-2.30665,274223
2,0,1.95,0.030044,0,-2.30365,292680
2,0,1.95,0.030044,0,-2.30065,311798
2,0,1.95,0.030044,0,-2.29765,307717
2,0,1.95,0.030044,0,-2.29465,291038
2,0,1.95,0.030044,0,-2.29165,279655
2,0,1.95,0.030044,0,-2.28864,286462
2,0,1.95,0.030044,0,-2.28564,287869
2,0,1.95,0.030044,0,-2.28264,291673
2,0,1.95,0.030044,0,-2.27964,291450
2,0,1.95,0.030044,0,-2.27664,283669
2,0,1.95,0.030044,0,-2.27364,293789
2,0,1.95,0.030044,0,-2.27064,314787
2,0,1.95,0.030044,0,-2.26763,299391
2,0,1.95,0.030044,0,-2.26463,290822
2,0,1.95,0.030044,0,-2.26163,289730
2,0,1.95,0.030044,0,-2.25863,309114
2,0,1.95,0.030044,0,-2.25563,301474
2,0,1.95,0.030044,0,-2.25263,325663
2,0,1.95,0.030044,0,-2.24962,322829
2,0,1.95,0.030044,0,-2.24662,376239
2,0,1.95,0.030044,0,-2.24362,314554
2,0,1.95,0.030044,0,-2.24062,301112
2,0,1.95,0.030044,0,-2.23762,311746
2,0,1.95,0.030044,0,-2.23462,306503
2,0,1.95,0.030044,0,-2.23162,347627
2,0,1.95,0.030044,0,-2.22861,310948
2,0,1.95,0.030044,0,-2.22561,324759
2,0,1.95,0.030044,0,-2.22261,334331
2,0,1.95,0.030044,0,-2.21961,307351
2,0,1.95,0.030044,0,-2.21661,339989
2,0,1.95,0.030044,0,-2.21361,311302
2,0,1.95,0.030044,0,-2.21061,360186
2,0,1.95,0.030044,0,-2.2076,313599
2,0,1.95,0.030044,0,-2.2046,328576
2,0,1.95,0.030044,0,-2.2016,330381
2,0,1.95,0.030044,0,-2.1986,318940
2,0,1.95,0.030044,0,-2.1956,329367
2,0,1.95,0.030044,0,-2.1926,330029
2,0,1.95,0.030044,0,-2.18959,356444
2,0,1.95,0.030044,0,-2.18659,319444
2,0,1.95,0.030044,0,-2.18359,334944
2,0,1.95,0.030044,0,-2.18059,373931
2,0,1.95,0.030044,0,-2.17759,386218
2,0,1.95,0.030044,0,-2.17459,365347
2,0,1.95,0.030044,0,-2.17159,346988
2,0,1.95,0.030044,0,-2.16858,349838
2,0,1.95,0.030044,0,-2.16558,339036
2,0,1.95,0.030044,0,-2.16258,356667
2,0,1.95,0.030044,0,-2.15958,325406
2,0,1.95,0.030044,0,-2.15658,322622
2,0,1.95,0.030044,0,-2.15358,336103
2,0,1.95,0.030044,0,-2.15058,378594
2,0,1.95,0.030044,0,-2.14757,338936
2,0,1.95,0.030044,0,-2.14457,338947
2,0,1.95,0.030044,0,-2.14157,319096
2,0,1.95,0.030044,0,-2.13857,350262
2,0,1.95,0.030044,0,-2.13557,319785
2,0,1.95,0.030044,0,-2.13257,362459
2,0,1.95,0.030044,0,-2.12956,403926
2,0,1.95,0.030044,0,-2.12656,334246
2,0,1.95,0.030044,0,-2.12356,357061
2,0,1.95,0.030044,0,-2.12056,352617
2,0,1.95,0.030044,0,-2.11756,373968
2,0,1.95,0.030044,0,-2.11456,325867
2,0,1.95,0.030044,0,-2.11156,361531
2,0,1.95,0.030044,0,-2.10855,363676
2,0,1.95,0.030044,0,-2.10555,349814
2,0,1.95,0.030044,0,-2.10255,335646
2,0,1.95,0.030044,0,-2.09955,376895
2,0,1.95,0.030044,0,-2.09655,328684
2,0,1.95,0.030044,0,-2.09355,337533
2,0,1.95,0.030044,0,-2.09055,338960
2,0,1.95,0.030044,0,-2.08754,323093
2,0,1.95,0.030044,0,-2.08454,335690
2,0,1.95,0.030044,0,-2.08154,344345
2,0,1.95,0.030044,0,-2.07854,328689
2,0,1.95,0.030044,0,-2.07554,319590
2,0,1.95,0.030044,0,-2.07254,335765
2,0,1.95,0.030044,0,-2.06953,345409
2,0,1.95,0.030044,0,-2.06653,336694
2,0,1.95,0.030044,0,-2.06353,337313
2,0,1.95,0.030044,0,-2.06053,357868
2,0,1.95,0.030044,0,-2.05753,340541
2,0,1.95,0.030044,0,-2.05453,327235
2,0,1.95,0.030044,0,-2.05153,342515
2,0,1.95,0.030044,0,-2.04852,347821
2,0,1.95,0.030044,0,-2.04552,385450
2,0,1.95,0.030044,0,-2.04252,342820
2,0,1.95,0.030044,0,-2.03952,339370
2,0,1.95,0.030044,0,-2.03652,336593
2,0,1.95,0.030044,0,-2.03352,343674
2,0,1.95,0.030044,0,-2.03052,362584
2,0,1.95,0.030044,0,-2.02751,321999
2,0,1.95,0.030044,0,-2.02451,333886
2,0,1.95,0.030044,0,-2.02151,319650
2,0,1.95,0.030044,0,-2.01851,334757
2,0,1.95,0.030044,0,-2.01551,328173
2,0,1.95,0.030044,0,-2.01251,319744
2,0,1.95,0.030044,0,-2.0095,366838
2,0,1.95,0.030044,0,-2.0065,363189
2,0,1.95,0.030044,0,-2.0035,323687
2,0,1.95,0.030044,0,-2.0005,364623
2,0,1.95,0.030044,0,-1.9975,330544
2,0,1.95,0.030044,0,-1.9945,316297
2,0,1.95,0.030044,0,-1.9915,330846
2,0,1.95,0.030044,0,-1.98849,333231
2,0,1.95,0.030044,0,-1.98549,319398
2,0,1.95,0.030044,0,-1.98249,321099
2,0,1.95,0.030044,0,-1.97949,316438
2,0,1.95,0.030044,0,-1.97649,340187
2,0,1.95,0.030044,0,-1.97349,384261
2,0,1.95,0.030044,0,-1.97049,330429
2,0,1.95,0.030044,0,-1.96748,352191
2,0,1.95,0.030044,0,-1.96448,315130
2,0,1.95,0.030044,0,-1.96148,349180
2,0,1.95,0.030044,0,-1.95848,332993
2,0,1.95,0.030044,0,-1.95548,333307
2,0,1.95,0.030044,0,-1.95248,347606
2,0,1.95,0.030044,0,-1.94947,330438
2,0,1.95,0.030044,0,-1.94647,327862
2,0,1.95,0.030044,0,-1.94347,376757
2,0,1.95,0.030044,0,-1.94047,329049
2,0,1.95,0.030044,0,-1.93747,314400
2,0,1.95,0.030044,0,-1.93447,316384
2,0,1.95,0.030044,0,-1.93147,309428
2,0,1.95,0.030044,0,-1.92846,338145
2,0,1.95,0.030044,0,-1.92546,316050
2,0,1.95,0.030044,0,-1.92246,303829
2,0,1.95,0.030044,0,-1.91946,355528
2,0,1.95,0.030044,0,-1.91646,312475
2,0,1.95,0.030044,0,-1.91346,319297
2,0,1.95,0.030044,0,-1.91046,318465
2,0,1.95,0.030044,0,-1.90745,325268
2,0,1.95,0.030044,0,-1.90445,303507
2,0,1.95,0.030044,0,-1.90145,374190
2,0,1.95,0.030044,0,-1.89845,319993
2,0,1.95,0.030044,0,-1.89545,293371
2,0,1.95,0.030044,0,-1.89245,300287
2,0,1.95,0.030044,0,-1.88944,322142
2,0,1.95,0.030044,0,-1.88644,291810
2,0,1.95,0.030044,0,-1.88344,315152
2,0,1.95,0.030044,0,-1.88044,324060
2,0,1.95,0.030044,0,-1.87744,301716
2,0,1.95,0.030044,0,-1.87444,301323
2,0,1.95,0.030044,0,-1.87144,291373
2,0,1.95,0.030044,0,-1.86843,296638
2,0,1.95,0.030044,0,-1.86543,292930
2,0,1.95,0.030044,0,-1.86243,309721
2,0,1.95,0.030044,0,-1.85943,291433
2,0,1.95,0.030044,0,-1.85643,285795
2,0,1.95,0.030044,0,-1.85343,297128
2,0,1.95,0.030044,0,-1.85043,305492
2,0,1.95,0.030044,0,-1.84742,282973
2,0,1.95,0.030044,0,-1.84442,310221
2,0,1.95,0.030044,0,-1.84142,251074
2,0,1.95,0.030044,0,-1.83842,237885
2,0,1.95,0.030044,0,-1.83542,230526
2,0,1.95,0.030044,0,-1.83242,-242820
2,0,1.95,0.030044,0,-1.82941,-264646
2,0,1.95,0.030044,0,-1.82641,-269284
2,0,1.95,0.030044,0,-1.82341,-257739
2,0,1.95,0.030044,0,-1.82041,-267878
2,0,1.95,0.030044,0,-1.81741,-331289
2,0,1.95,0.030044,0,-1.81441,-329515
2,0,1.95,0.030044,0,-1.81141,-284306
2,0,1.95,0.030044,0,-1.8084,-296508
2,0,1.95,0.030044,0,-1.8054,-297335
2,0,1.95,0.030044,0,-1.8024,-291183
2,0,1.95,0.030044,0,-1.7994,-319191
2,0,1.95,0.030044,0,-1.7964,-294007
2,0,1.95,0.030044,0,-1.7934,-285197
2,0,1.95,0.030044,0,-1.7904,-292561
2,0,1.95,0.030044,0,-1.78739,-342268
2,0,1.95,0.030044,0,-1.78439,-318043
2,0,1.95,0.030044,0,-1.78139,-331691
2,0,1.95,0.030044,0,-1.77839,-318341
2,0,1.95,0.030044,0,-1.77539,-300910
2,0,1.95,0.030044,0,-1.77239,-330413
2,0,1.95,0.030044,0,-1.76938,-315842
2,0,1.95,0.030044,0,-1.76638,-360996
2,0,1.95,0.030044,0,-1.76338,-326644
2,0,1.95,0.030044,0,-1.76038,-303698
2,0,1.95,0.030044,0,-1.75738,-316198
2,0,1.95,0.030044,0,-1.75438,-304990
2,0,1.95,0.030044,0,-1.75138,-315333
2,0,1.95,0.030044,0,-1.74837,-315966
2,0,1.95,0.030044,0,-1.74537,-309162
2,0,1.95,0.030044,0,-1.74237,-334453
2,0,1.95,0.030044,0,-1.73937,-312436
2,0,1.95,0.030044,0,-1.73637,-313266
2,0,1.95,0.030044,0,-1.73337,-327006
2,0,1.95,0.030044,0,-1.73037,-312541
2,0,1.95,0.030044,0,-1.72736,-318572
2,0,1.95,0.030044,0,-1.72436,-355858
2,0,1.95,0.030044,0,-1.72136,-364176
2,0,1.95,0.030044,0,-1.71836,-395354
2,0,1.95,0.030044,0,-1.71536,-338443
2,0,1.95,0.030044,0,-1.71236,-363720
2,0,1.95,0.030044,0,-1.70935,-333113
2,0,1.95,0.030044,0,-1.70635,-330714
2,0,1.95,0.030044,0,-1.70335,-346076
2,0,1.95,0.030044,0,-1.70035,-369933
2,0,1.95,0.030044,0,-1.69735,-338849
2,0,1.95,0.030044,0,-1.69435,-341468
2,0,1.95,0.030044,0,-1.69135,-345817
2,0,1.95,0.030044,0,-1.68834,-333844
2,0,1.95,0.030044,0,-1.68534,-351556
2,0,1.95,0.030044,0,-1.68234,-352450
2,0,1.95,0.030044,0,-1.67934,-357281
2,0,1.95,0.030044,0,-1.67634,-326291
2,0,1.95,0.030044,0,-1.67334,-322564
2,0,1.95,0.030044,0,-1.67034,-323522
2,0,1.95,0.030044,0,-1.66733,-339273
2,0,1.95,0.030044,0,-1.66433,-393864
2,0,1.95,0.030044,0,-1.66133,-340354
2,0,1.95,0.030044,0,-1.65833,-363791
2,0,1.95,0.030044,0,-1.65533,-326959
2,0,1.95,0.030044,0,-1.65233,-332046
2,0,1.95,0.030044,0,-1.64932,-356996
2,0,1.95,0.030044,0,-1.64632,-345893
2,0,1.95,0.030044,0,-1.64332,-351702
2,0,1.95,0.030044,0,-1.64032,-362070
2,0,1.95,0.030044,0,-1.63732,-355645
2,0,1.95,0.030044,0,-1.63432,-336234
2,0,1.95,0.030044,0,-1.63132,-322076
2,0,1.95,0.030044,0,-1.62831,-323533
2,0,1.95,0.030044,0,-1.62531,-328209
2,0,1.95,0.030044,0,-1.62231,-331148
2,0,1.95,0.030044,0,-1.61931,-330337
2,0,1.95,0.030044,0,-1.61631,-329681
2,0,1.95,0.030044,0,-1.61331,-323908
2,0,1.95,0.030044,0,-1.61031,-333943
2,0,1.95,0.030044,0,-1.6073,-348863
2,0,1.95,0.030044,0,-1.6043,-363834
2,0,1.95,0.030044,0,-1.6013,-331568
2,0,1.95,0.030044,0,-1.5983,-374850
2,0,1.95,0.030044,0,-1.5953,-374621
2,0,1.95,0.030044,0,-1.5923,-327409
2,0,1.95,0.030044,0,-1.58929,-340723
2,0,1.95,0.030044,0,-1.58629,-326923
2,0,1.95,0.030044,0,-1.58329,-375100
2,0,1.95,0.030044,0,-1.58029,-323242
2,0,1.95,0.030044,0,-1.57729,-335109
2,0,1.95,0.030044,0,-1.57429,-339832
2,0,1.95,0.030044,0,-1.57129,-322480
2,0,1.95,0.030044,0,-1.56828,-333598
2,0,1.95,0.030044,0,-1.56528,-331078
2,0,1.95,0.030044,0,-1.56228,-357416
2,0,1.95,0.030044,0,-1.55928,-366237
2,0,1.95,0.030044,0,-1.55628,-325949
2,0,1.95,0.030044,0,-1.55328,-326185
2,0,1.95,0.030044,0,-1.55028,-361352
2,0,1.95,0.030044,0,-1.54727,-356114
2,0,1.95,0.030044,0,-1.54427,-356520
2,0,1.95,0.030044,0,-1.54127,-353793
2,0,1.95,0.030044,0,-1.53827,-401099
2,0,1.95,0.030044,0,-1.53527,-330178
2,0,1.95,0.030044,0,-1.53227,-319390
2,0,1.95,0.030044,0,-1.52926,-338627
2,0,1.95,0.030044,0,-1.52626,-335831
2,0,1.95,0.030044,0,-1.52326,-333328
2,0,1.95,0.030044,0,-1.52026,-327129
2,0,1.95,0.030044,0,-1.51726,-356497
2,0,1.95,0.030044,0,-1.51426,-350260
2,0,1.95,0.030044,0,-1.51126,-327369
2,0,1.95,0.030044,0,-1.50825,-336686
2,0,1.95,0.030044,0,-1.50525,-333059
2,0,1.95,0.030044,0,-1.50225,-313866
2,0,1.95,0.030044,0,-1.49925,-394820
2,0,1.95,0.030044,0,-1.49625,-366658
2,0,1.95,0.030044,0,-1.49325,-349843
2,0,1.95,0.030044,0,-1.49025,-329780
2,0,1.95,0.030044,0,-1.48724,-332331
2,0,1.95,0.030044,0,-1.48424,-373702
2,0,1.95,0.030044,0,-1.48124,-318845
2,0,1.95,0.030044,0,-1.47824,-319752
2,0,1.95,0.030044,0,-1.47524,-329917
2,0,1.95,0.030044,0,-1.47224,-328906
2,0,1.95,0.030044,0,-1.46923,-336477
2,0,1.95,0.030044,0,-1.46623,-309852
2,0,1.95,0.030044,0,-1.46323,-315936
2,0,1.95,0.030044,0,-1.46023,-305762
2,0,1.95,0.030044,0,-1.45723,-330012
2,0,1.95,0.030044,0,-1.45423,-303904
2,0,1.95,0.030044,0,-1.45123,-326504
2,0,1.95,0.030044,0,-1.44822,-361440
2,0,1.95,0.030044,0,-1.44522,-301653
2,0,1.95,0.030044,0,-1.44222,-312648
2,0,1.95,0.030044,0,-1.43922,-316382
2,0,1.95,0.030044,0,-1.43622,-335705
2,0,1.95,0.030044,0,-1.43322,-331353
2,0,1.95,0.030044,0,-1.43022,-359355
2,0,1.95,0.030044,0,-1.42721,-315557
2,0,1.95,0.030044,0,-1.42421,-330380
2,0,1.95,0.030044,0,-1.42121,-352065
2,0,1.95,0.030044,0,-1.41821,-339359
2,0,1.95,0.030044,0,-1.41521,-323953
2,0,1.95,0.030044,0,-1.41221,-345804
2,0,1.95,0.030044,0,-1.4092,-304403
2,0,1.95,0.030044,0,-1.4062,-294901
2,0,1.95,0.030044,0,-1.4032,-309245
2,0,1.95,0.030044,0,-1.4002,-318167
2,0,1.95,0.030044,0,-1.3972,-278431
2,0,1.95,0.030044,0,-1.3942,-268307
2,0,1.95,0.030044,0,-1.3912,-283568
2,0,1.95,0.030044,0,-1.38819,-273446
2,0,1.95,0.030044,0,-1.38519,-273304
2,0,1.95,0.030044,0,-1.38219,-256307
2,0,1.95,0.030044,0,-1.37919,-241757
2,0,1.95,0.030044,0,-1.37619,233782
2,0,1.95,0.030044,0,-1.37319,258230
2,0,1.95,0.030044,0,-1.37019,277594
2,0,1.95,0.030044,0,-1.36718,264885
2,0,1.95,0.030044,0,-1.36418,274400
2,0,1.95,0.030044,0,-1.36118,277162
2,0,1.95,0.030044,0,-1.35818,271441
2,0,1.95,0.030044,0,-1.35518,287579
2,0,1.95,0.030044,0,-1.35218,295485
2,0,1.95,0.030044,0,-1.34917,335562
2,0,1.95,0.030044,0,-1.34617,359672
2,0,1.95,0.030044,0,-1.34317,294624
2,0,1.95,0.030044,0,-1.34017,302826
2,0,1.95,0.030044,0,-1.33717,355511
2,0,1.95,0.030044,0,-1.33417,306364
2,0,1.95,0.030044,0,-1.33117,303233
2,0,1.95,0.030044,0,-1.32816,368987
2,0,1.95,0.030044,0,-1.32516,333806
2,0,1.95,0.030044,0,-1.32216,323856
2,0,1.95,0.030044,0,-1.31916,347190
2,0,1.95,0.030044,0,-1.31616,333288
2,0,1.95,0.030044,0,-1.31316,344319
2,0,1.95,0.030044,0,-1.31016,322609
2,0,1.95,0.030044,0,-1.30715,330064
2,0,1.95,0.030044,0,-1.30415,305063
2,0,1.95,0.030044,0,-1.30115,314657
2,0,1.95,0.030044,0,-1.29815,317905
2,0,1.95,0.030044,0,-1.29515,364583
2,0,1.95,0.030044,0,-1.29215,342047
2,0,1.95,0.030044,0,-1.28914,332761
2,0,1.95,0.030044,0,-1.28614,321133
2,0,1.95,0.030044,0,-1.28314,310178
2,0,1.95,0.030044,0,-1.28014,312757
2,0,1.95,0.030044,0,-1.27714,338020
2,0,1.95,0.030044,0,-1.27414,341871
2,0,1.95,0.030044,0,-1.27114,326403
2,0,1.95,0.030044,0,-1.26813,347388
2,0,1.95,0.030044,0,-1.26513,371329
2,0,1.95,0.030044,0,-1.26213,332953
2,0,1.95,0.030044,0,-1.25913,317655
2,0,1.95,0.030044,0,-1.25613,320816
2,0,1.95,0.030044,0,-1.25313,326843
2,0,1.95,0.030044,0,-1.25013,367799
2,0,1.95,0.030044,0,-1.24712,318092
2,0,1.95,0.030044,0,-1.24412,332949
2,0,1.95,0.030044,0,-1.24112,358515
2,0,1.95,0.030044,0,-1.23812,375325
2,0,1.95,0.030044,0,-1.23512,389689
2,0,1.95,0.030044,0,-1.23212,348009
2,0,1.95,0.030044,0,-1.22911,348012
2,0,1.95,0.030044,0,-1.22611,357343
2,0,1.95,0.030044,0,-1.22311,354043
2,0,1.95,0.030044,0,-1.22011,353163
2,0,1.95,0.030044,0,-1.21711,321335
2,0,1.95,0.030044,0,-1.21411,333043
2,0,1.95,0.030044,0,-1.21111,370312
2,0,1.95,0.030044,0,-1.2081,362099
2,0,1.95,0.030044,0,-1.2051,396332
2,0,1.95,0.030044,0,-1.2021,336218
2,0,1.95,0.030044,0,-1.1991,359669
2,0,1.95,0.030044,0,-1.1961,331216
2,0,1.95,0.030044,0,-1.1931,395907
2,0,1.95,0.030044,0,-1.1901,353487
2,0,1.95,0.030044,0,-1.18709,341218
2,0,1.95,0.030044,0,-1.18409,367205
2,0,1.95,0.030044,0,-1.18109,325361
2,0,1.95,0.030044,0,-1.17809,351661
2,0,1.95,0.030044,0,-1.17509,349830
2,0,1.95,0.030044,0,-1.17209,373237
2,0,1.95,0.030044,0,-1.16908,358206
2,0,1.95,0.030044,0,-1.16608,348994
2,0,1.95,0.030044,0,-1.16308,324749
2,0,1.95,0.030044,0,-1.16008,353529
2,0,1.95,0.030044,0,-1.15708,377229
2,0,1.95,0.030044,0,-1.15408,374707
2,0,1.95,0.030044,0,-1.15108,366445
2,0,1.95,0.030044,0,-1.14807,324550
2,0,1.95,0.030044,0,-1.14507,375053
2,0,1.95,0.030044,0,-1.14207,326526
2,0,1.95,0.030044,0,-1.13907,326245
2,0,1.95,0.030044,0,-1.13607,327122
2,0,1.95,0.030044,0,-1.13307,371486
2,0,1.95,0.030044,0,-1.13007,331497
2,0,1.95,0.030044,0,-1.12706,366659
2,0,1.95,0.030044,0,-1.12406,360107
2,0,1.95,0.030044,0,-1.12106,335959
2,0,1.95,0.030044,0,-1.11806,335432
2,0,1.95,0.030044,0,-1.11506,357385
2,0,1.95,0.030044,0,-1.11206,366609
2,0,1.95,0.030044,0,-1.10905,347663
2,0,1.95,0.030044,0,-1.10605,410868
2,0,1.95,0.030044,0,-1.10305,347471
2,0,1.95,0.030044,0,-1.10005,350746
2,0,1.95,0.030044,0,-1.09705,338209
2,0,1.95,0.030044,0,-1.09405,346959
2,0,1.95,0.030044,0,-1.09105,331275
2,0,1.95,0.030044,0,-1.08804,320867
2,0,1.95,0.030044,0,-1.08504,336439
2,0,1.95,0.030044,0,-1.08204,323234
2,0,1.95,0.030044,0,-1.07904,366876
2,0,1.95,0.030044,0,-1.07604,360348
2,0,1.95,0.030044,0,-1.07304,323712
2,0,1.95,0.030044,0,-1.07004,351018
2,0,1.95,0.030044,0,-1.06703,350576
2,0,1.95,0.030044,0,-1.06403,356012
2,0,1.95,0.030044,0,-1.06103,319532
2,0,1.95,0.030044,0,-1.05803,339684
2,0,1.95,0.030044,0,-1.05503,371221
2,0,1.95,0.030044,0,-1.05203,364420
2,0,1.95,0.030044,0,-1.04902,322969
2,0,1.95,0.030044,0,-1.04602,357397
2,0,1.95,0.030044,0,-1.04302,354105
2,0,1.95,0.030044,0,-1.04002,340088
2,0,1.95,0.030044,0,-1.03702,375273
2,0,1.95,0.030044,0,-1.03402,321434
2,0,1.95,0.030044,0,-1.03102,336227
2,0,1.95,0.030044,0,-1.02801,311401
2,0,1.95,0.030044,0,-1.02501,387442
2,0,1.95,0.030044,0,-1.02201,374951
2,0,1.95,0.030044,0,-1.01901,320508
2,0,1.95,0.030044,0,-1.01601,314177
2,0,1.95,0.030044,0,-1.01301,318157
2,0,1.95,0.030044,0,-1.01001,305469
2,0,1.95,0.030044,0,-1.007,327713
2,0,1.95,0.030044,0,-1.004,353125
2,0,1.95,0.030044,0,-1.001,317586
2,0,1.95,0.030044,0,-0.997999,363403
2,0,1.95,0.030044,0,-0.994997,343949
2,0,1.95,0.030044,0,-0.991996,338636
2,0,1.95,0.030044,0,-0.988994,314609
2,0,1.95,0.030044,0,-0.985993,303091
2,0,1.95,0.030044,0,-0.982991,337587
2,0,1.95,0.030044,0,-0.97999,351678
2,0,1.95,0.030044,0,-0.976988,302675
2,0,1.95,0.030044,0,-0.973987,284569
2,0,1.95,0.030044,0,-0.970985,343371
2,0,1.95,0.030044,0,-0.967984,294915
2,0,1.95,0.030044,0,-0.964982,299522
2,0,1.95,0.030044,0,-0.961981,273820
2,0,1.95,0.030044,0,-0.958979,271333
2,0,1.95,0.030044,0,-0.955978,293769
2,0,1.95,0.030044,0,-0.952976,278851
2,0,1.95,0.030044,0,-0.949975,265915
2,0,1.95,0.030044,0,-0.946973,239926
2,0,1.95,0.030044,0,-0.943972,-280680
2,0,1.95,0.030044,0,-0.94097,-263239
2,0,1.95,0.030044,0,-0.937969,-276303
2,0,1.95,0.030044,0,-0.934967,-330867
2,0,1.95,0.030044,0,-0.931966,-307556
2,0,1.95,0.030044,0,-0.928964,-325347
2,0,1.95,0.030044,0,-0.925963,-321857
2,0,1.95,0.030044,0,-0.922961,-318109
2,0,1.95,0.030044,0,-0.91996,-302140
2,0,1.95,0.030044,0,-0.916958,-331942
2,0,1.95,0.030044,0,-0.913957,-313615
2,0,1.95,0.030044,0,-0.910955,-308607
2,0,1.95,0.030044,0,-0.907954,-335099
2,0,1.95,0.030044,0,-0.904952,-304252
2,0,1.95,0.030044,0,-0.901951,-318253
2,0,1.95,0.030044,0,-0.898949,-302335
2,0,1.95,0.030044,0,-0.895948,-319589
2,0,1.95,0.030044,0,-0.892946,-308825
2,0,1.95,0.030044,0,-0.889945,-303688
2,0,1.95,0.030044,0,-0.886943,-327175
2,0,1.95,0.030044,0,-0.883942,-331971
2,0,1.95,0.030044,0,-0.88094,-318332
2,0,1.95,0.030044,0,-0.877939,-321563
2,0,1.95,0.030044,0,-0.874937,-333544
2,0,1.95,0.030044,0,-0.871936,-320466
2,0,1.95,0.030044,0,-0.868934,-310356
2,0,1.95,0.030044,0,-0.865933,-310412
2,0,1.95,0.030044,0,-0.862931,-344623
2,0,1.95,0.030044,0,-0.85993,-352989
2,0,1.95,0.030044,0,-0.856928,-312269
2,0,1.95,0.030044,0,-0.853927,-348531
2,0,1.95,0.030044,0,-0.850925,-314557
2,0,1.95,0.030044,0,-0.847924,-341152
2,0,1.95,0.030044,0,-0.844922,-346767
2,0,1.95,0.030044,0,-0.841921,-318211
2,0,1.95,0.030044,0,-0.838919,-326557
2,0,1.95,0.030044,0,-0.835918,-332085
2,0,1.95,0.030044,0,-0.832916,-330983
2,0,1.95,0.030044,0,-0.829915,-346287
2,0,1.95,0.030044,0,-0.826913,-397529
2,0,1.95,0.030044,0,-0.823912,-358040
2,0,1.95,0.030044,0,-0.82091,-321346
2,0,1.95,0.030044,0,-0.817909,-358207
2,0,1.95,0.030044,0,-0.814907,-341176
2,0,1.95,0.030044,0,-0.811906,-340550
2,0,1.95,0.030044,0,-0.808904,-345387
2,0,1.95,0.030044,0,-0.805903,-341182
2,0,1.95,0.030044,0,-0.802901,-397391
2,0,1.95,0.030044,0,-0.7999,-364160
2,0,1.95,0.030044,0,-0.796898,-359188
2,0,1.95,0.030044,0,-0.793897,-370867
2,0,1.95,0.030044,0,-0.790895,-333744
2,0,1.95,0.030044,0,-0.787894,-340551
2,0,1.95,0.030044,0,-0.784892,-374459
2,0,1.95,0.030044,0,-0.781891,-337521
2,0,1.95,0.030044,0,-0.778889,-339844
2,0,1.95,0.030044,0,-0.775888,-350104
2,0,1.95,0.030044,0,-0.772886,-339607
2,0,1.95,0.030044,0,-0.769885,-339725
2,0,1.95,0.030044,0,-0.766883,-371221
2,0,1.95,0.030044,0,-0.763882,-347022
2,0,1.95,0.030044,0,-0.76088,-370426
2,0,1.95,0.030044,0,-0.757879,-352084
2,0,1.95,0.030044,0,-0.754877,-400083
2,0,1.95,0.030044,0,-0.751876,-354691
2,0,1.95,0.030044,0,-0.748874,-368288
2,0,1.95,0.030044,0,-0.745873,-361073
2,0,1.95,0.030044,0,-0.742871,-357085
2,0,1.95,0.030044,0,-0.73987,-410115
2,0,1.95,0.030044,0,-0.736868,-388995
2,0,1.95,0.030044,0,-0.733867,-371946
2,0,1.95,0.030044,0,-0.730865,-411823
2,0,1.95,0.030044,0,-0.727864,-354025
2,0,1.95,0.030044,0,-0.724862,-368848
2,0,1.95,0.030044,0,-0.721861,-357457
2,0,1.95,0.030044,0,-0.718859,-357191
2,0,1.95,0.030044,0,-0.715858,-357506
2,0,1.95,0.030044,0,-0.712856,-329221
2,0,1.95,0.030044,0,-0.709855,-342998
2,0,1.95,0.030044,0,-0.706853,-349866
2,0,1.95,0.030044,0,-0.703852,-343245
2,0,1.95,0.030044,0,-0.70085,-345969
2,0,1.95,0.030044,0,-0.697849,-330726
2,0,1.95,0.030044,0,-0.694847,-327678
2,0,1.95,0.030044,0,-0.691846,-357473
2,0,1.95,0.030044,0,-0.688844,-330226
2,0,1.95,0.030044,0,-0.685843,-331597
2,0,1.95,0.030044,0,-0.682841,-350529
2,0,1.95,0.030044,0,-0.67984,-325292
2,0,1.95,0.030044,0,-0.676838,-371574
2,0,1.95,0.030044,0,-0.673837,-373442
2,0,1.95,0.030044,0,-0.670835,-339265
2,0,1.95,0.030044,0,-0.667834,-334586
2,0,1.95,0.030044,0,-0.664832,-344825
2,0,1.95,0.030044,0,-0.661831,-358423
2,0,1.95,0.030044,0,-0.658829,-368508
2,0,1.95,0.030044,0,-0.655828,-406649
2,0,1.95,0.030044,0,-0.652826,-338520
2,0,1.95,0.030044,0,-0.649825,-320087
2,0,1.95,0.030044,0,-0.646823,-383838
2,0,1.95,0.030044,0,-0.643822,-331663
2,0,1.95,0.030044,0,-0.64082,-323792
2,0,1.95,0.030044,0,-0.637819,-332978
2,0,1.95,0.030044,0,-0.634817,-322008
2,0,1.95,0.030044,0,-0.631816,-344713
2,0,1.95,0.030044,0,-0.628814,-339281
2,0,1.95,0.030044,0,-0.625813,-377682
2,0,1.95,0.030044,0,-0.622811,-348316
2,0,1.95,0.030044,0,-0.61981,-356125
2,0,1.95,0.030044,0,-0.616808,-325296
2,0,1.95,0.030044,0,-0.613807,-362177
2,0,1.95,0.030044,0,-0.610805,-335920
2,0,1.95,0.030044,0,-0.607804,-319368
2,0,1.95,0.030044,0,-0.604802,-312540
2,0,1.95,0.030044,0,-0.601801,-332762
2,0,1.95,0.030044,0,-0.598799,-349975
2,0,1.95,0.030044,0,-0.595798,-330950
2,0,1.95,0.030044,0,-0.592796,-305004
2,0,1.95,0.030044,0,-0.589795,-358221
2,0,1.95,0.030044,0,-0.586793,-323332
2,0,1.95,0.030044,0,-0.583792,-318481
2,0,1.95,0.030044,0,-0.58079,-319842
2,0,1.95,0.030044,0,-0.577789,-303561
2,0,1.95,0.030044,0,-0.574787,-314973
2,0,1.95,0.030044,0,-0.571786,-317248
2,0,1.95,0.030044,0,-0.568784,-307641
2,0,1.95,0.030044,0,-0.565783,-334313
2,0,1.95,0.030044,0,-0.562781,-289502
2,0,1.95,0.030044,0,-0.55978,-334870
2,0,1.95,0.030044,0,-0.556778,-290977
2,0,1.95,0.030044,0,-0.553777,-276632
2,0,1.95,0.030044,0,-0.550775,-300174
2,0,1.95,0.030044,0,-0.547774,-264259
2,0,1.95,0.030044,0,-0.544772,-270483
2,0,1.95,0.030044,0,-0.541771,-258960
2,0,1.95,0.030044,0,-0.538769,-281419
2,0,1.95,0.030044,0,-0.535768,244586
2,0,1.95,0.030044,0,-0.532766,268689
2,0,1.95,0.030044,0,-0.529765,275632
2,0,1.95,0.030044,0,-0.526763,298011
2,0,1.95,0.030044,0,-0.523762,282709
2,0,1.95,0.030044,0,-0.52076,296343
2,0,1.95,0.030044,0,-0.517759,350339
2,0,1.95,0.030044,0,-0.514757,324709
2,0,1.95,0.030044,0,-0.511756,304554
2,0,1.95,0.030044,0,-0.508754,304859
2,0,1.95,0.030044,0,-0.505753,325182
2,0,1.95,0.030044,0,-0.502751,320807
2,0,1.95,0.030044,0,-0.49975,306552
2,0,1.95,0.030044,0,-0.496748,325914
2,0,1.95,0.030044,0,-0.493747,349898
2,0,1.95,0.030044,0,-0.490745,327833
2,0,1.95,0.030044,0,-0.487744,345881
2,0,1.95,0.030044,0,-0.484742,305593
2,0,1.95,0.030044,0,-0.481741,329729
2,0,1.95,0.030044,0,-0.478739,314446
2,0,1.95,0.030044,0,-0.475738,333219
2,0,1.95,0.030044,0,-0.472736,322690
2,0,1.95,0.030044,0,-0.469735,335199
2,0,1.95,0.030044,0,-0.466733,345503
2,0,1.95,0.030044,0,-0.463732,328171
2,0,1.95,0.030044,0,-0.46073,372362
2,0,1.95,0.030044,0,-0.457729,328395
2,0,1.95,0.030044,0,-0.454727,348042
2,0,1.95,0.030044,0,-0.451726,356205
2,0,1.95,0.030044,0,-0.448724,372872
2,0,1.95,0.030044,0,-0.445723,381892
2,0,1.95,0.030044,0,-0.442721,391961
2,0,1.95,0.030044,0,-0.43972,357711
2,0,1.95,0.030044,0,-0.436718,342398
2,0,1.95,0.030044,0,-0.433717,323628
2,0,1.95,0.030044,0,-0.430715,331552
2,0,1.95,0.030044,0,-0.427714,330919
2,0,1.95,0.030044,0,-0.424712,392770
2,0,1.95,0.030044,0,-0.421711,351427
2,0,1.95,0.030044,0,-0.418709,360972
2,0,1.95,0.030044,0,-0.415708,364813
2,0,1.95,0.030044,0,-0.412706,369383
2,0,1.95,0.030044,0,-0.409705,358358
2,0,1.95,0.030044,0,-0.406703,342492
2,0,1.95,0.030044,0,-0.403702,338928
2,0,1.95,0.030044,0,-0.4007,330845
2,0,1.95,0.030044,0,-0.397699,410120
2,0,1.95,0.030044,0,-0.394697,336938
2,0,1.95,0.030044,0,-0.391696,411847
2,0,1.95,0.030044,0,-0.388694,345043
2,0,1.95,0.030044,0,-0.385693,366625
2,0,1.95,0.030044,0,-0.382691,371428
2,0,1.95,0.030044,0,-0.37969,368415
2,0,1.95,0.030044,0,-0.376688,332673
2,0,1.95,0.030044,0,-0.373687,379856
2,0,1.95,0.030044,0,-0.370685,332196
2,0,1.95,0.030044,0,-0.367684,342876
2,0,1.95,0.030044,0,-0.364682,342335
2,0,1.95,0.030044,0,-0.361681,338669
2,0,1.95,0.030044,0,-0.358679,331086
2,0,1.95,0.030044,0,-0.355678,337188
2,0,1.95,0.030044,0,-0.352676,351118
2,0,1.95,0.030044,0,-0.349675,396948
2,0,1.95,0.030044,0,-0.346673,362181
2,0,1.95,0.030044,0,-0.343672,354046
2,0,1.95,0.030044,0,-0.34067,348027
2,0,1.95,0.030044,0,-0.337669,334738
2,0,1.95,0.030044,0,-0.334667,340963
2,0,1.95,0.030044,0,-0.331666,359116
2,0,1.95,0.030044,0,-0.328664,385788
2,0,1.95,0.030044,0,-0.325663,404225
2,0,1.95,0.030044,0,-0.322661,352746
2,0,1.95,0.030044,0,-0.31966,358723
2,0,1.95,0.030044,0,-0.316658,350389
2,0,1.95,0.030044,0,-0.313657,400110
2,0,1.95,0.030044,0,-0.310655,333111
2,0,1.95,0.030044,0,-0.307654,332376
2,0,1.95,0.030044,0,-0.304652,379504
2,0,1.95,0.030044,0,-0.301651,338091
2,0,1.95,0.030044,0,-0.298649,369928
2,0,1.95,0.030044,0,-0.295648,332858
2,0,1.95,0.030044,0,-0.292646,379460
2,0,1.95,0.030044,0,-0.289645,375532
2,0,1.95,0.030044,0,-0.286643,355852
2,0,1.95,0.030044,0,-0.283642,346723
2,0,1.95,0.030044,0,-0.28064,342412
2,0,1.95,0.030044,0,-0.277639,407074
2,0,1.95,0.030044,0,-0.274637,353321
2,0,1.95,0.030044,0,-0.271636,331136
2,0,1.95,0.030044,0,-0.268634,348270
2,0,1.95,0.030044,0,-0.265633,335998
2,0,1.95,0.030044,0,-0.262631,336163
2,0,1.95,0.030044,0,-0.25963,326292
2,0,1.95,0.030044,0,-0.256628,344871
2,0,1.95,0.030044,0,-0.253627,340486
2,0,1.95,0.030044,0,-0.250625,349414
2,0,1.95,0.030044,0,-0.247624,346569
2,0,1.95,0.030044,0,-0.244622,379283
2,0,1.95,0.030044,0,-0.241621,366372
2,0,1.95,0.030044,0,-0.238619,367952
2,0,1.95,0.030044,0,-0.235618,402069
2,0,1.95,0.030044,0,-0.232616,342197
2,0,1.95,0.030044,0,-0.229615,334782
2,0,1.95,0.030044,0,-0.226613,322842
2,0,1.95,0.030044,0,-0.223612,339760
2,0,1.95,0.030044,0,-0.22061,321660
2,0,1.95,0.030044,0,-0.217609,338088
2,0,1.95,0.030044,0,-0.214607,316918
2,0,1.95,0.030044,0,-0.211606,348223
2,0,1.95,0.030044,0,-0.208604,332891
2,0,1.95,0.030044,0,-0.205603,320800
2,0,1.95,0.030044,0,-0.202601,339292
2,0,1.95,0.030044,0,-0.1996,332246
2,0,1.95,0.030044,0,-0.196598,337986
2,0,1.95,0.030044,0,-0.193597,322792
2,0,1.95,0.030044,0,-0.190595,312797
2,0,1.95,0.030044,0,-0.187594,311241
2,0,1.95,0.030044,0,-0.184592,322863
2,0,1.95,0.030044,0,-0.181591,319104
2,0,1.95,0.030044,0,-0.178589,331425
2,0,1.95,0.030044,0,-0.175588,304441
2,0,1.95,0.030044,0,-0.172586,323711
2,0,1.95,0.030044,0,-0.169585,277314
2,0,1.95,0.030044,0,-0.166583,286704
2,0,1.95,0.030044,0,-0.163582,269137
2,0,1.95,0.030044,0,-0.16058,289235
2,0,1.95,0.030044,0,-0.157579,247875
2,0,1.95,0.030044,0,-0.154577,-251109
2,0,1.95,0.030044,0,-0.151576,-271205
2,0,1.95,0.030044,0,-0.148574,-262852
2,0,1.95,0.030044,0,-0.145573,-278665
2,0,1.95,0.030044,0,-0.142571,-274254
2,0,1.95,0.030044,0,-0.13957,-311287
2,0,1.95,0.030044,0,-0.136568,-303269
2,0,1.95,0.030044,0,-0.133567,-294078
2,0,1.95,0.030044,0,-0.130565,-350464
2,0,1.95,0.030044,0,-0.127564,-302802
2,0,1.95,0.030044,0,-0.124562,-344423
2,0,1.95,0.030044,0,-0.121561,-307604
2,0,1.95,0.030044,0,-0.118559,-343010
2,0,1.95,0.030044,0,-0.115558,-307700
2,0,1.95,0.030044,0,-0.112556,-379401
2,0,1.95,0.030044,0,-0.109555,-331782
2,0,1.95,0.030044,0,-0.106553,-334678
2,0,1.95,0.030044,0,-0.103552,-353794
2,0,1.95,0.030044,0,-0.10055,-325148
2,0,1.95,0.030044,0,-0.0975488,-318927
2,0,1.95,0.030044,0,-0.0945473,-397616
2,0,1.95,0.030044,0,-0.0915458,-336637
2,0,1.95,0.030044,0,-0.0885443,-314557
2,0,1.95,0.030044,0,-0.0855428,-393317
2,0,1.95,0.030044,0,-0.0825413,-332857
2,0,1.95,0.030044,0,-0.0795398,-327542
2,0,1.95,0.030044,0,-0.0765383,-326202
2,0,1.95,0.030044,0,-0.0735368,-368953
2,0,1.95,0.030044,0,-0.0705353,-352191
2,0,1.95,0.030044,0,-0.0675338,-374769
2,0,1.95,0.030044,0,-0.0645323,-328576
2,0,1.95,0.030044,0,-0.0615308,-386091
2,0,1.95,0.030044,0,-0.0585293,-328662
2,0,1.95,0.030044,0,-0.0555278,-349108
2,0,1.95,0.030044,0,-0.0525263,-372317
2,0,1.95,0.030044,0,-0.0495248,-366309
2,0,1.95,0.030044,0,-0.0465233,-363202
2,0,1.95,0.030044,0,-0.0435218,-328586
2,0,1.95,0.030044,0,-0.0405203,-332073
2,0,1.95,0.030044,0,-0.0375188,-341726
2,0,1.95,0.030044,0,-0.0345173,-380454
2,0,1.95,0.030044,0,-0.0315158,-412830
2,0,1.95,0.030044,0,-0.0285143,-363076
2,0,1.95,0.030044,0,-0.0255128,-333168
2,0,1.95,0.030044,0,-0.0225113,-338743
2,0,1.95,0.030044,0,-0.0195098,-363125
2,0,1.95,0.030044,0,-0.0165083,-371347
2,0,1.95,0.030044,0,-0.0135068,-350304
2,0,1.95,0.030044,0,-0.0105053,-348517
2,0,1.95,0.030044,0,-0.00750375,-337149
2,0,1.95,0.030044,0,-0.00450225,-347666
2,0,1.95,0.030044,0,-0.00150075,-337947
2,0,1.95,0.030044,0,0.00150075,-368519
2,0,1.95,0.030044,0,0.00450225,-360569
2,0,1.95,0.030044,0,0.00750375,-358623
2,0,1.95,0.030044,0,0.0105053,-378583
2,0,1.95,0.030044,0,0.0135068,-365809
2,0,1.95,0.030044,0,0.0165083,-364528
2,0,1.95,0.030044,0,0.0195098,-370048
2,0,1.95,0.030044,0,0.0225113,-365375
2,0,1.95,0.030044,0,0.0255128,-366799
2,0,1.95,0.030044,0,0.0285143,-354512
2,0,1.95,0.030044,0,0.0315158,-342638
2,0,1.95,0.030044,0,0.0345173,-371010
2,0,1.95,0.030044,0,0.0375188,-366088
2,0,1.95,0.030044,0,0.0405203,-345007
2,0,1.95,0.030044,0,0.0435218,-364683
2,0,1.95,0.030044,0,0.0465233,-362625
2,0,1.95,0.030044,0,0.0495248,-332659
2,0,1.95,0.030044,0,0.0525263,-359122
2,0,1.95,0.030044,0,0.0555278,-377847
2,0,1.95,0.030044,0,0.0585293,-332751
2,0,1.95,0.030044,0,0.0615308,-338668
2,0,1.95,0.030044,0,0.0645323,-359956
2,0,1.95,0.030044,0,0.0675338,-347182
2,0,1.95,0.030044,0,0.0705353,-395089
2,0,1.95,0.030044,0,0.0735368,-372366
2,0,1.95,0.030044,0,0.0765383,-331318
2,0,1.95,0.030044,0,0.0795398,-342329
2,0,1.95,0.030044,0,0.0825413,-336929
2,0,1.95,0.030044,0,0.0855428,-330631
2,0,1.95,0.030044,0,0.0885443,-363436
2,0,1.95,0.030044,0,0.0915458,-358258
2,0,1.95,0.030044,0,0.0945473,-403445
2,0,1.95,0.030044,0,0.0975488,-344790
2,0,1.95,0.030044,0,0.10055,-343567
2,0,1.95,0.030044,0,0.103552,-362001
2,0,1.95,0.030044,0,0.106553,-386988
2,0,1.95,0.030044,0,0.109555,-343142
2,0,1.95,0.030044,0,0.112556,-355839
2,0,1.95,0.030044,0,0.115558,-345075
2,0,1.95,0.030044,0,0.118559,-349407
2,0,1.95,0.030044,0,0.121561,-369624
2,0,1.95,0.030044,0,0.124562,-320448
2,0,1.95,0.030044,0,0.127564,-360289
2,0,1.95,0.030044,0,0.130565,-338762
2,0,1.95,0.030044,0,0.133567,-335722
2,0,1.95,0.030044,0,0.136568,-340879
2,0,1.95,0.030044,0,0.13957,-345722
2,0,1.95,0.030044,0,0.142571,-366794
2,0,1.95,0.030044,0,0.145573,-324147
2,0,1.95,0.030044,0,0.148574,-338236
2,0,1.95,0.030044,0,0.151576,-315761
2,0,1.95,0.030044,0,0.154577,-387751
2,0,1.95,0.030044,0,0.157579,-361423
2,0,1.95,0.030044,0,0.16058,-336705
2,0,1.95,0.030044,0,0.163582,-306217
2,0,1.95,0.030044,0,0.166583,-299740
2,0,1.95,0.030044,0,0.169585,-301980
2,0,1.95,0.030044,0,0.172586,-365345
2,0,1.95,0.030044,0,0.175588,-319528
2,0,1.95,0.030044,0,0.178589,-283768
2,0,1.95,0.030044,0,0.181591,-300671
2,0,1.95,0.030044,0,0.184592,-330692
2,0,1.95,0.030044,0,0.187594,-272146
2,0,1.95,0.030044,0,0.190595,-273700
2,0,1.95,0.030044,0,0.193597,-242676
2,0,1.95,0.030044,0,0.196598,289047
2,0,1.95,0.030044,0,0.1996,300035
2,0,1.95,0.030044,0,0.202601,314736
2,0,1.95,0.030044,0,0.205603,316600
2,0,1.95,0.030044,0,0.208604,301592
2,0,1.95,0.030044,0,0.211606,285629
2,0,1.95,0.030044,0,0.214607,359974
2,0,1.95,0.030044,0,0.217609,323831
2,0,1.95,0.030044,0,0.22061,314766
2,0,1.95,0.030044,0,0.223612,299530
2,0,1.95,0.030044,0,0.226613,314245
2,0,1.95,0.030044,0,0.229615,346156
2,0,1.95,0.030044,0,0.232616,340942
2,0,1.95,0.030044,0,0.235618,315785
2,0,1.95,0.030044,0,0.238619,309205
2,0,1.95,0.030044,0,0.241621,347488
2,0,1.95,0.030044,0,0.244622,342573
2,0,1.95,0.030044,0,0.247624,314496
2,0,1.95,0.030044,0,0.250625,354340
2,0,1.95,0.030044,0,0.253627,331419
2,0,1.95,0.030044,0,0.256628,358635
2,0,1.95,0.030044,0,0.25963,362190
2,0,1.95,0.030044,0,0.262631,322983
2,0,1.95,0.030044,0,0.265633,338802
2,0,1.95,0.030044,0,0.268634,350162
2,0,1.95,0.030044,0,0.271636,363726
2,0,1.95,0.030044,0,0.274637,329609
2,0,1.95,0.030044,0,0.277639,343752
2,0,1.95,0.030044,0,0.28064,344256
2,0,1.95,0.030044,0,0.283642,367771
2,0,1.95,0.030044,0,0.286643,326587
2,0,1.95,0.030044,0,0.289645,351329
2,0,1.95,0.030044,0,0.292646,351852
2,0,1.95,0.030044,0,0.295648,368889
2,0,1.95,0.030044,0,0.298649,356916
2,0,1.95,0.030044,0,0.301651,350649
2,0,1.95,0.030044,0,0.304652,380178
2,0,1.95,0.030044,0,0.307654,367670
2,0,1.95,0.030044,0,0.310655,376057
2,0,1.95,0.030044,0,0.313657,331112
2,0,1.95,0.030044,0,0.316658,345800
2,0,1.95,0.030044,0,0.31966,399159
2,0,1.95,0.030044,0,0.322661,397864
2,0,1.95,0.030044,0,0.325663,341481
2,0,1.95,0.030044,0,0.328664,348113
2,0,1.95,0.030044,0,0.331666,345621
2,0,1.95,0.030044,0,0.334667,347344
2,0,1.95,0.030044,0,0.337669,333864
2,0,1.95,0.030044,0,0.34067,370416
2,0,1.95,0.030044,0,0.343672,368115
2,0,1.95,0.030044,0,0.346673,371892
2,0,1.95,0.030044,0,0.349675,354220
2,0,1.95,0.030044,0,0.352676,376626
2,0,1.95,0.030044,0,0.355678,335579
2,0,1.95,0.030044,0,0.358679,365523
2,0,1.95,0.030044,0,0.361681,384333
2,0,1.95,0.030044,0,0.364682,376061
2,0,1.95,0.030044,0,0.367684,372001
2,0,1.95,0.030044,0,0.370685,353994
2,0,1.95,0.030044,0,0.373687,346027
2,0,1.95,0.030044,0,0.376688,377683
2,0,1.95,0.030044,0,0.37969,376105
2,0,1.95,0.030044,0,0.382691,346035
2,0,1.95,0.030044,0,0.385693,364590
2,0,1.95,0.030044,0,0.388694,359129
2,0,1.95,0.030044,0,0.391696,347938
2,0,1.95,0.030044,0,0.394697,334110
2,0,1.95,0.030044,0,0.397699,331417
2,0,1.95,0.030044,0,0.4007,340275
2,0,1.95,0.030044,0,0.403702,338122
2,0,1.95,0.030044,0,0.406703,349770
2,0,1.95,0.030044,0,0.409705,372857
2,0,1.95,0.030044,0,0.412706,377614
2,0,1.95,0.030044,0,0.415708,364676
2,0,1.95,0.030044,0,0.418709,358504
2,0,1.95,0.030044,0,0.421711,342174
2,0,1.95,0.030044,0,0.424712,342092
2,0,1.95,0.030044,0,0.427714,327212
2,0,1.95,0.030044,0,0.430715,346750
2,0,1.95,0.030044,0,0.433717,368757
2,0,1.95,0.030044,0,0.436718,356618
2,0,1.95,0.030044,0,0.43972,355955
2,0,1.95,0.030044,0,0.442721,332858
2,0,1.95,0.030044,0,0.445723,364761
2,0,1.95,0.030044,0,0.448724,363574
2,0,1.95,0.030044,0,0.451726,333826
2,0,1.95,0.030044,0,0.454727,324562
2,0,1.95,0.030044,0,0.457729,345706
2,0,1.95,0.030044,0,0.46073,342578
2,0,1.95,0.030044,0,0.463732,355192
2,0,1.95,0.030044,0,0.466733,340144
2,0,1.95,0.030044,0,0.469735,321962
2,0,1.95,0.030044,0,0.472736,331741
2,0,1.95,0.030044,0,0.475738,306179
2,0,1.95,0.030044,0,0.478739,334139
2,0,1.95,0.030044,0,0.481741,299523
2,0,1.95,0.030044,0,0.484742,349512
2,0,1.95,0.030044,0,0.487744,320020
2,0,1.95,0.030044,0,0.490745,317040
2,0,1.95,0.030044,0,0.493747,303512
2,0,1.95,0.030044,0,0.496748,298550
2,0,1.95,0.030044,0,0.49975,293218
2,0,1.95,0.030044,0,0.502751,303290
2,0,1.95,0.030044,0,0.505753,268586
2,0,1.95,0.030044,0,0.508754,-238757
2,0,1.95,0.030044,0,0.511756,-305878
2,0,1.95,0.030044,0,0.514757,-297846
2,0,1.95,0.030044,0,0.517759,-298604
2,0,1.95,0.030044,0,0.52076,-309394
2,0,1.95,0.030044,0,0.523762,-352936
2,0,1.95,0.030044,0,0.526763,-313411
2,0,1.95,0.030044,0,0.529765,-314877
2,0,1.95,0.030044,0,0.532766,-304656
2,0,1.95,0.030044,0,0.535768,-304419
2,0,1.95,0.030044,0,0.538769,-320227
2,0,1.95,0.030044,0,0.541771,-339322
2,0,1.95,0.030044,0,0.544772,-325090
2,0,1.95,0.030044,0,0.547774,-347963
2,0,1.95,0.030044,0,0.550775,-341914
2,0,1.95,0.030044,0,0.553777,-334807
2,0,1.95,0.030044,0,0.556778,-327944
2,0,1.95,0.030044,0,0.55978,-357299
2,0,1.95,0.030044,0,0.562781,-354660
2,0,1.95,0.030044,0,0.565783,-350837
2,0,1.95,0.030044,0,0.568784,-356607
2,0,1.95,0.030044,0,0.571786,-376717
2,0,1.95,0.030044,0,0.574787,-327479
2,0,1.95,0.030044,0,0.577789,-349076
2,0,1.95,0.030044,0,0.58079,-365696
2,0,1.95,0.030044,0,0.583792,-373795
2,0,1.95,0.030044,0,0.586793,-379364
2,0,1.95,0.030044,0,0.589795,-343307
2,0,1.95,0.030044,0,0.592796,-339686
2,0,1.95,0.030044,0,0.595798,-346170
2,0,1.95,0.030044,0,0.598799,-337695
2,0,1.95,0.030044,0,0.601801,-375716
2,0,1.95,0.030044,0,0.604802,-339444
2,0,1.95,0.030044,0,0.607804,-376604
2,0,1.95,0.030044,0,0.610805,-337780
2,0,1.95,0.030044,0,0.613807,-342582
2,0,1.95,0.030044,0,0.616808,-341199
2,0,1.95,0.030044,0,0.61981,-350962
2,0,1.95,0.030044,0,0.622811,-362120
2,0,1.95,0.030044,0,0.625813,-338332
2,0,1.95,0.030044,0,0.628814,-362461
2,0,1.95,0.030044,0,0.631816,-368497
2,0,1.95,0.030044,0,0.634817,-407424
2,0,1.95,0.030044,0,0.637819,-344265
2,0,1.95,0.030044,0,0.64082,-358794
2,0,1.95,0.030044,0,0.643822,-342802
2,0,1.95,0.030044,0,0.646823,-374597
2,0,1.95,0.030044,0,0.649825,-359993
2,0,1.95,0.030044,0,0.652826,-349124
2,0,1.95,0.030044,0,0.655828,-414061
2,0,1.95,0.030044,0,0.658829,-353597
2,0,1.95,0.030044,0,0.661831,-361055
2,0,1.95,0.030044,0,0.664832,-367829
2,0,1.95,0.030044,0,0.667834,-357631
2,0,1.95,0.030044,0,0.670835,-410659
2,0,1.95,0.030044,0,0.673837,-357052
2,0,1.95,0.030044,0,0.676838,-355369
2,0,1.95,0.030044,0,0.67984,-346718
2,0,1.95,0.030044,0,0.682841,-337420
2,0,1.95,0.030044,0,0.685843,-340751
2,0,1.95,0.030044,0,0.688844,-338198
2,0,1.95,0.030044,0,0.691846,-340231
2,0,1.95,0.030044,0,0.694847,-379389
2,0,1.95,0.030044,0,0.697849,-367778
2,0,1.95,0.030044,0,0.70085,-352201
2,0,1.95,0.030044,0,0.703852,-338512
2,0,1.95,0.030044,0,0.706853,-352086
2,0,1.95,0.030044,0,0.709855,-356573
2,0,1.95,0.030044,0,0.712856,-350874
2,0,1.95,0.030044,0,0.715858,-341901
2,0,1.95,0.030044,0,0.718859,-348579
2,0,1.95,0.030044,0,0.721861,-341841
2,0,1.95,0.030044,0,0.724862,-345591
2,0,1.95,0.030044,0,0.727864,-341325
2,0,1.95,0.030044,0,0.730865,-363366
2,0,1.95,0.030044,0,0.733867,-354811
2,0,1.95,0.030044,0,0.736868,-339892
2,0,1.95,0.030044,0,0.73987,-322932
2,0,1.95,0.030044,0,0.742871,-334076
2,0,1.95,0.030044,0,0.745873,-344797
2,0,1.95,0.030044,0,0.748874,-324796
2,0,1.95,0.030044,0,0.751876,-320936
2,0,1.95,0.030044,0,0.754877,-332471
2,0,1.95,0.030044,0,0.757879,-321400
2,0,1.95,0.030044,0,0.76088,-309038
2,0,1.95,0.030044,0,0.763882,-316433
2,0,1.95,0.030044,0,0.766883,-346181
2,0,1.95,0.030044,0,0.769885,-302830
2,0,1.95,0.030044,0,0.772886,-304160
2,0,1.95,0.030044,0,0.775888,-293768
2,0,1.95,0.030044,0,0.778889,-342768
2,0,1.95,0.030044,0,0.781891,-328166
2,0,1.95,0.030044,0,0.784892,-280060
2,0,1.95,0.030044,0,0.787894,-265414
2,0,1.95,0.030044,0,0.790895,209741
2,0,1.95,0.030044,0,0.793897,279001
2,0,1.95,0.030044,0,0.796898,282873
2,0,1.95,0.030044,0,0.7999,290549
2,0,1.95,0.030044,0,0.802901,292361
2,0,1.95,0.030044,0,0.805903,313482
2,0,1.95,0.030044,0,0.808904,324570
2,0,1.95,0.030044,0,0.811906,313946
2,0,1.95,0.030044,0,0.814907,311498
2,0,1.95,0.030044,0,0.817909,326008
2,0,1.95,0.030044,0,0.82091,355454
2,0,1.95,0.030044,0,0.823912,365447
2,0,1.95,0.030044,0,0.826913,320240
2,0,1.95,0.030044,0,0.829915,383262
2,0,1.95,0.030044,0,0.832916,351552
2,0,1.95,0.030044,0,0.835918,353878
2,0,1.95,0.030044,0,0.838919,346342
2,0,1.95,0.030044,0,0.841921,328037
2,0,1.95,0.030044,0,0.844922,356382
2,0,1.95,0.030044,0,0.847924,329338
2,0,1.95,0.030044,0,0.850925,369539
2,0,1.95,0.030044,0,0.853927,338413
2,0,1.95,0.030044,0,0.856928,337916
2,0,1.95,0.030044,0,0.85993,372507
2,0,1.95,0.030044,0,0.862931,383507
2,0,1.95,0.030044,0,0.865933,352126
2,0,1.95,0.030044,0,0.868934,353682
2,0,1.95,0.030044,0,0.871936,351309
2,0,1.95,0.030044,0,0.874937,345925
2,0,1.95,0.030044,0,0.877939,365701
2,0,1.95,0.030044,0,0.88094,351413
2,0,1.95,0.030044,0,0.883942,367823
2,0,1.95,0.030044,0,0.886943,356873
2,0,1.95,0.030044,0,0.889945,344339
2,0,1.95,0.030044,0,0.892946,365038
2,0,1.95,0.030044,0,0.895948,389816
2,0,1.95,0.030044,0,0.898949,392442
2,0,1.95,0.030044,0,0.901951,403279
2,0,1.95,0.030044,0,0.904952,399320
2,0,1.95,0.030044,0,0.907954,353198
2,0,1.95,0.030044,0,0.910955,362493
2,0,1.95,0.030044,0,0.913957,365979
2,0,1.95,0.030044,0,0.916958,347137
2,0,1.95,0.030044,0,0.91996,374315
2,0,1.95,0.030044,0,0.922961,380542
2,0,1.95,0.030044,0,0.925963,360057
2,0,1.95,0.030044,0,0.928964,347239
2,0,1.95,0.030044,0,0.931966,393063
2,0,1.95,0.030044,0,0.934967,377060
2,0,1.95,0.030044,0,0.937969,374233
2,0,1.95,0.030044,0,0.94097,375090
2,0,1.95,0.030044,0,0.943972,431207
2,0,1.95,0.030044,0,0.946973,359391
2,0,1.95,0.030044,0,0.949975,383662
2,0,1.95,0.030044,0,0.952976,357841
2,0,1.95,0.030044,0,0.955978,345664
2,0,1.95,0.030044,0,0.958979,363484
2,0,1.95,0.030044,0,0.961981,377535
2,0,1.95,0.030044,0,0.964982,347527
2,0,1.95,0.030044,0,0.967984,381687
2,0,1.95,0.030044,0,0.970985,363572
2,0,1.95,0.030044,0,0.973987,391238
2,0,1.95,0.030044,0,0.976988,360279
2,0,1.95,0.030044,0,0.97999,359687
2,0,1.95,0.030044,0,0.982991,344136
2,0,1.95,0.030044,0,0.985993,336670
2,0,1.95,0.030044,0,0.988994,353360
2,0,1.95,0.030044,0,0.991996,411625
2,0,1.95,0.030044,0,0.994997,348235
2,0,1.95,0.030044,0,0.997999,333634
2,0,1.95,0.030044,0,1.001,351998
2,0,1.95,0.030044,0,1.004,350716
2,0,1.95,0.030044,0,1.007,358738
2,0,1.95,0.030044,0,1.01001,357706
2,0,1.95,0.030044,0,1.01301,332451
2,0,1.95,0.030044,0,1.01601,366465
2,0,1.95,0.030044,0,1.01901,331151
2,0,1.95,0.030044,0,1.02201,351598
2,0,1.95,0.030044,0,1.02501,313755
2,0,1.95,0.030044,0,1.02801,329575
2,0,1.95,0.030044,0,1.03102,329090
2,0,1.95,0.030044,0,1.03402,323153
2,0,1.95,0.030044,0,1.03702,312492
2,0,1.95,0.030044,0,1.04002,297626
2,0,1.95,0.030044,0,1.04302,291107
2,0,1.95,0.030044,0,1.04602,281212
2,0,1.95,0.030044,0,1.04902,273920
2,0,1.95,0.030044,0,1.05203,-297093
2,0,1.95,0.030044,0,1.05503,-287387
2,0,1.95,0.030044,0,1.05803,-326305
2,0,1.95,0.030044,0,1.06103,-308211
2,0,1.95,0.030044,0,1.06403,-340694
2,0,1.95,0.030044,0,1.06703,-315778
2,0,1.95,0.030044,0,1.07004,-315229
2,0,1.95,0.030044,0,1.07304,-361883
2,0,1.95,0.030044,0,1.07604,-322630
2,0,1.95,0.030044,0,1.07904,-324621
2,0,1.95,0.030044,0,1.08204,-331006
2,0,1.95,0.030044,0,1.08504,-330790
2,0,1.95,0.030044,0,1.08804,-334807
2,0,1.95,0.030044,0,1.09105,-354159
2,0,1.95,0.030044,0,1.09405,-340552
2,0,1.95,0.030044,0,1.09705,-334537
2,0,1.95,0.030044,0,1.10005,-340739
2,0,1.95,0.030044,0,1.10305,-346881
2,0,1.95,0.030044,0,1.10605,-345960
2,0,1.95,0.030044,0,1.10905,-348181
2,0,1.95,0.030044,0,1.11206,-357475
2,0,1.95,0.030044,0,1.11506,-391063
2,0,1.95,0.030044,0,1.11806,-375402
2,0,1.95,0.030044,0,1.12106,-384087
2,0,1.95,0.030044,0,1.12406,-354768
2,0,1.95,0.030044,0,1.12706,-381271
2,0,1.95,0.030044,0,1.13007,-400466
2,0,1.95,0.030044,0,1.13307,-384859
2,0,1.95,0.030044,0,1.13607,-361514
2,0,1.95,0.030044,0,1.13907,-388275
2,0,1.95,0.030044,0,1.14207,-362590
2,0,1.95,0.030044,0,1.14507,-379357
2,0,1.95,0.030044,0,1.14807,-396370
2,0,1.95,0.030044,0,1.15108,-392326
2,0,1.95,0.030044,0,1.15408,-390586
2,0,1.95,0.030044,0,1.15708,-401276
2,0,1.95,0.030044,0,1.16008,-379234
2,0,1.95,0.030044,0,1.16308,-389706
2,0,1.95,0.030044,0,1.16608,-382583
2,0,1.95,0.030044,0,1.16908,-390486
2,0,1.95,0.030044,0,1.17209,-392355
2,0,1.95,0.030044,0,1.17509,-375900
2,0,1.95,0.030044,0,1.17809,-374627
2,0,1.95,0.030044,0,1.18109,-389097
2,0,1.95,0.030044,0,1.18409,-404315
2,0,1.95,0.030044,0,1.18709,-359403
2,0,1.95,0.030044,0,1.1901,-403745
2,0,1.95,0.030044,0,1.1931,-357829
2,0,1.95,0.030044,0,1.1961,-399925
2,0,1.95,0.030044,0,1.1991,-369717
2,0,1.95,0.030044,0,1.2021,-389423
2,0,1.95,0.030044,0,1.2051,-361567
2,0,1.95,0.030044,0,1.2081,-370808
2,0,1.95,0.030044,0,1.21111,-375407
2,0,1.95,0.030044,0,1.21411,-371401
2,0,1.95,0.030044,0,1.21711,-361429
2,0,1.95,0.030044,0,1.22011,-387013
2,0,1.95,0.030044,0,1.22311,-405393
2,0,1.95,0.030044,0,1.22611,-351240
2,0,1.95,0.030044,0,1.22911,-371249
2,0,1.95,0.030044,0,1.23212,-369268
2,0,1.95,0.030044,0,1.23512,-353169
2,0,1.95,0.030044,0,1.23812,-349387
2,0,1.95,0.030044,0,1.24112,-369859
2,0,1.95,0.030044,0,1.24412,-402524
2,0,1.95,0.030044,0,1.24712,-373611
2,0,1.95,0.030044,0,1.25013,-355776
2,0,1.95,0.030044,0,1.25313,-342980
2,0,1.95,0.030044,0,1.25613,-353061
2,0,1.95,0.030044,0,1.25913,-352057
2,0,1.95,0.030044,0,1.26213,-358264
2,0,1.95,0.030044,0,1.26513,-336798
2,0,1.95,0.030044,0,1.26813,-353185
2,0,1.95,0.030044,0,1.27114,-374803
2,0,1.95,0.030044,0,1.27414,-337392
2,0,1.95,0.030044,0,1.27714,-332534
2,0,1.95,0.030044,0,1.28014,-309926
2,0,1.95,0.030044,0,1.28314,-347470
2,0,1.95,0.030044,0,1.28614,-341338
2,0,1.95,0.030044,0,1.28914,-320806
2,0,1.95,0.030044,0,1.29215,-259456
2,0,1.95,0.030044,0,1.29515,269140
2,0,1.95,0.030044,0,1.29815,305468
2,0,1.95,0.030044,0,1.30115,372383
2,0,1.95,0.030044,0,1.30415,334861
2,0,1.95,0.030044,0,1.30715,321682
2,0,1.95,0.030044,0,1.31016,362183
2,0,1.95,0.030044,0,1.31316,354061
2,0,1.95,0.030044,0,1.31616,393397
2,0,1.95,0.030044,0,1.31916,353856
2,0,1.95,0.030044,0,1.32216,349705
2,0,1.95,0.030044,0,1.32516,383502
2,0,1.95,0.030044,0,1.32816,366561
2,0,1.95,0.030044,0,1.33117,348592
2,0,1.95,0.030044,0,1.33417,379299
2,0,1.95,0.030044,0,1.33717,383989
2,0,1.95,0.030044,0,1.34017,350306
2,0,1.95,0.030044,0,1.34317,357854
2,0,1.95,0.030044,0,1.34617,356559
2,0,1.95,0.030044,0,1.34917,382609
2,0,1.95,0.030044,0,1.35218,363210
2,0,1.95,0.030044,0,1.35518,416381
2,0,1.95,0.030044,0,1.35818,381865
2,0,1.95,0.030044,0,1.36118,367249
2,0,1.95,0.030044,0,1.36418,381149
2,0,1.95,0.030044,0,1.36718,449376
2,0,1.95,0.030044,0,1.37019,417045
2,0,1.95,0.030044,0,1.37319,367226
2,0,1.95,0.030044,0,1.37619,389082
2,0,1.95,0.030044,0,1.37919,396028
2,0,1.95,0.030044,0,1.38219,394970
2,0,1.95,0.030044,0,1.38519,417536
2,0,1.95,0.030044,0,1.38819,383360
2,0,1.95,0.030044,0,1.3912,382470
2,0,1.95,0.030044,0,1.3942,412212
2,0,1.95,0.030044,0,1.3972,382377
2,0,1.95,0.030044,0,1.4002,420289
2,0,1.95,0.030044,0,1.4032,426935
2,0,1.95,0.030044,0,1.4062,422933
2,0,1.95,0.030044,0,1.4092,444291
2,0,1.95,0.030044,0,1.41221,393292
2,0,1.95,0.030044,0,1.41521,390912
2,0,1.95,0.030044,0,1.41821,421106
2,0,1.95,0.030044,0,1.42121,383807
2,0,1.95,0.030044,0,1.42421,382686
2,0,1.95,0.030044,0,1.42721,383421
2,0,1.95,0.030044,0,1.43022,396446
2,0,1.95,0.030044,0,1.43322,409006
2,0,1.95,0.030044,0,1.43622,381085
2,0,1.95,0.030044,0,1.43922,395272
2,0,1.95,0.030044,0,1.44222,406998
2,0,1.95,0.030044,0,1.44522,384899
2,0,1.95,0.030044,0,1.44822,421795
2,0,1.95,0.030044,0,1.45123,425962
2,0,1.95,0.030044,0,1.45423,396259
2,0,1.95,0.030044,0,1.45723,407625
2,0,1.95,0.030044,0,1.46023,405697
2,0,1.95,0.030044,0,1.46323,443147
2,0,1.95,0.030044,0,1.46623,386553
2,0,1.95,0.030044,0,1.46923,426725
2,0,1.95,0.030044,0,1.47224,419970
2,0,1.95,0.030044,0,1.47524,408735
2,0,1.95,0.030044,0,1.47824,417932
2,0,1.95,0.030044,0,1.48124,396241
2,0,1.95,0.030044,0,1.48424,382040
2,0,1.95,0.030044,0,1.48724,378977
2,0,1.95,0.030044,0,1.49025,386582
2,0,1.95,0.030044,0,1.49325,397065
2,0,1.95,0.030044,0,1.49625,364155
2,0,1.95,0.030044,0,1.49925,393981
2,0,1.95,0.030044,0,1.50225,367631
2,0,1.95,0.030044,0,1.50525,357883
2,0,1.95,0.030044,0,1.50825,388542
2,0,1.95,0.030044,0,1.51126,371269
2,0,1.95,0.030044,0,1.51426,371208
2,0,1.95,0.030044,0,1.51726,347875
2,0,1.95,0.030044,0,1.52026,367229
2,0,1.95,0.030044,0,1.52326,381493
2,0,1.95,0.030044,0,1.52626,352339
2,0,1.95,0.030044,0,1.52926,335047
2,0,1.95,0.030044,0,1.53227,369373
2,0,1.95,0.030044,0,1.53527,355716
2,0,1.95,0.030044,0,1.53827,395396
2,0,1.95,0.030044,0,1.54127,322747
2,0,1.95,0.030044,0,1.54427,313291
2,0,1.95,0.030044,0,1.54727,305804
2,0,1.95,0.030044,0,1.55028,315744
2,0,1.95,0.030044,0,1.55328,256386
2,0,1.95,0.030044,0,1.55628,-284329
2,0,1.95,0.030044,0,1.55928,-316981
2,0,1.95,0.030044,0,1.56228,-348691
2,0,1.95,0.030044,0,1.56528,-315762
2,0,1.95,0.030044,0,1.56828,-321793
2,0,1.95,0.030044,0,1.57129,-343053
2,0,1.95,0.030044,0,1.57429,-337037
2,0,1.95,0.030044,0,1.57729,-332368
2,0,1.95,0.030044,0,1.58029,-338211
2,0,1.95,0.030044,0,1.58329,-353591
2,0,1.95,0.030044,0,1.58629,-349624
2,0,1.95,0.030044,0,1.58929,-366043
2,0,1.95,0.030044,0,1.5923,-347143
2,0,1.95,0.030044,0,1.5953,-362033
2,0,1.95,0.030044,0,1.5983,-372036
2,0,1.95,0.030044,0,1.6013,-391234
2,0,1.95,0.030044,0,1.6043,-380861
2,0,1.95,0.030044,0,1.6073,-363046
2,0,1.95,0.030044,0,1.61031,-367423
2,0,1.95,0.030044,0,1.61331,-392835
2,0,1.95,0.030044,0,1.61631,-391964
2,0,1.95,0.030044,0,1.61931,-404067
2,0,1.95,0.030044,0,1.62231,-391111
2,0,1.95,0.030044,0,1.62531,-389545
2,0,1.95,0.030044,0,1.62831,-354422
2,0,1.95,0.030044,0,1.63132,-359574
2,0,1.95,0.030044,0,1.63432,-350109
2,0,1.95,0.030044,0,1.63732,-373562
2,0,1.95,0.030044,0,1.64032,-347114
2,0,1.95,0.030044,0,1.64332,-369008
2,0,1.95,0.030044,0,1.64632,-387157
2,0,1.95,0.030044,0,1.64932,-379884
2,0,1.95,0.030044,0,1.65233,-368817
2,0,1.95,0.030044,0,1.65533,-403297
2,0,1.95,0.030044,0,1.65833,-382326
2,0,1.95,0.030044,0,1.66133,-352117
2,0,1.95,0.030044,0,1.66433,-364130
2,0,1.95,0.030044,0,1.66733,-349556
2,0,1.95,0.030044,0,1.67034,-365548
2,0,1.95,0.030044,0,1.67334,-344623
2,0,1.95,0.030044,0,1.67634,-336471
2,0,1.95,0.030044,0,1.67934,-353917
2,0,1.95,0.030044,0,1.68234,-352017
2,0,1.95,0.030044,0,1.68534,-326011
2,0,1.95,0.030044,0,1.68834,-323815
2,0,1.95,0.030044,0,1.69135,-353929
2,0,1.95,0.030044,0,1.69435,-354752
2,0,1.95,0.030044,0,1.69735,-347058
2,0,1.95,0.030044,0,1.70035,-306975
2,0,1.95,0.030044,0,1.70335,-303672
2,0,1.95,0.030044,0,1.70635,-298914
2,0,1.95,0.030044,0,1.70935,-296402
2,0,1.95,0.030044,0,1.71236,262343
2,0,1.95,0.030044,0,1.71536,286504
2,0,1.95,0.030044,0,1.71836,314695
2,0,1.95,0.030044,0,1.72136,327286
2,0,1.95,0.030044,0,1.72436,347347
2,0,1.95,0.030044,0,1.72736,358206
2,0,1.95,0.030044,0,1.73037,367873
2,0,1.95,0.030044,0,1.73337,322810
2,0,1.95,0.030044,0,1.73637,357651
2,0,1.95,0.030044,0,1.73937,323426
2,0,1.95,0.030044,0,1.74237,348865
2,0,1.95,0.030044,0,1.74537,343139
2,0,1.95,0.030044,0,1.74837,349389
2,0,1.95,0.030044,0,1.75138,354606
2,0,1.95,0.030044,0,1.75438,341672
2,0,1.95,0.030044,0,1.75738,373449
2,0,1.95,0.030044,0,1.76038,330249
2,0,1.95,0.030044,0,1.76338,339814
2,0,1.95,0.030044,0,1.76638,383544
2,0,1.95,0.030044,0,1.76938,374380
2,0,1.95,0.030044,0,1.77239,370053
2,0,1.95,0.030044,0,1.77539,359944
2,0,1.95,0.030044,0,1.77839,382841
2,0,1.95,0.030044,0,1.78139,335264
2,0,1.95,0.030044,0,1.78439,336151
2,0,1.95,0.030044,0,1.78739,347779
2,0,1.95,0.030044,0,1.7904,326533
2,0,1.95,0.030044,0,1.7934,334513
2,0,1.95,0.030044,0,1.7964,333958
2,0,1.95,0.030044,0,1.7994,356633
2,0,1.95,0.030044,0,1.8024,337738
2,0,1.95,0.030044,0,1.8054,350027
2,0,1.95,0.030044,0,1.8084,310484
2,0,1.95,0.030044,0,1.81141,296424
2,0,1.95,0.030044,0,1.81441,320200
2,0,1.95,0.030044,0,1.81741,268738
2,0,1.95,0.030044,0,1.82041,-266185
2,0,1.95,0.030044,0,1.82341,-305087
2,0,1.95,0.030044,0,1.82641,-314879
2,0,1.95,0.030044,0,1.82941,-301593
2,0,1.95,0.030044,0,1.83242,-312267
2,0,1.95,0.030044,0,1.83542,-320434
2,0,1.95,0.030044,0,1.83842,-351293
2,0,1.95,0.030044,0,1.84142,-348057
2,0,1.95,0.030044,0,1.84442,-330273
2,0,1.95,0.030044,0,1.84742,-353452
2,0,1.95,0.030044,0,1.85043,-332787
2,0,1.95,0.030044,0,1.85343,-319407
2,0,1.95,0.030044,0,1.85643,-329482
2,0,1.95,0.030044,0,1.85943,-340115
2,0,1.95,0.030044,0,1.86243,-346621
2,0,1.95,0.030044,0,1.86543,-343354
2,0,1.95,0.030044,0,1.86843,-372113
2,0,1.95,0.030044,0,1.87144,-343233
2,0,1.95,0.030044,0,1.87444,-330742
2,0,1.95,0.030044,0,1.87744,-331062
2,0,1.95,0.030044,0,1.88044,-351142
2,0,1.95,0.030044,0,1.88344,-338581
2,0,1.95,0.030044,0,1.88644,-336876
2,0,1.95,0.030044,0,1.88944,-310394
2,0,1.95,0.030044,0,1.89245,-274793
2,0,1.95,0.030044,0,1.89545,254834
2,0,1.95,0.030044,0,1.89845,298352
2,0,1.95,0.030044,0,1.90145,332152
2,0,1.95,0.030044,0,1.90445,311127
2,0,1.95,0.030044,0,1.90745,355622
2,0,1.95,0.030044,0,1.91046,349053
2,0,1.95,0.030044,0,1.91346,322803
2,0,1.95,0.030044,0,1.91646,349418
2,0,1.95,0.030044,0,1.91946,392085
2,0,1.95,0.030044,0,1.92246,359898
2,0,1.95,0.030044,0,1.92546,366828
2,0,1.95,0.030044,0,1.92846,374246
2,0,1.95,0.030044,0,1.93147,327207
2,0,1.95,0.030044,0,1.93447,377005
2,0,1.95,0.030044,0,1.93747,329453
2,0,1.95,0.030044,0,1.94047,330686
2,0,1.95,0.030044,0,1.94347,320906
2,0,1.95,0.030044,0,1.94647,297294
2,0,1.95,0.030044,0,1.94947,283081
2,0,1.95,0.030044,0,1.95248,-318478
2,0,1.95,0.030044,0,1.95548,-331058
2,0,1.95,0.030044,0,1.95848,-341432
2,0,1.95,0.030044,0,1.96148,-345764
2,0,1.95,0.030044,0,1.96448,-365677
2,0,1.95,0.030044,0,1.96748,-355584
2,0,1.95,0.030044,0,1.97049,-403184
2,0,1.95,0.030044,0,1.97349,-388858
2,0,1.95,0.030044,0,1.97649,-394546
2,0,1.95,0.030044,0,1.97949,-387446
2,0,1.95,0.030044,0,1.98249,-367836
2,0,1.95,0.030044,0,1.98549,-380459
2,0,1.95,0.030044,0,1.98849,-374236
2,0,1.95,0.030044,0,1.9915,-454471
2,0,1.95,0.030044,0,1.9945,-348900
2,0,1.95,0.030044,0,1.9975,-356872
2,0,1.95,0.030044,0,2.0005,362542
2,0,1.95,0.030044,0,2.0035,351045
2,0,1.95,0.030044,0,2.0065,408112
2,0,1.95,0.030044,0,2.0095,393632
2,0,1.95,0.030044,0,2.01251,435271
2,0,1.95,0.030044,0,2.01551,432041
2,0,1.95,0.030044,0,2.01851,476883
2,0,1.95,0.030044,0,2.02151,472287
2,0,1.95,0.030044,0,2.02451,476894
2,0,1.95,0.030044,0,2.02751,515720
2,0,1.95,0.030044,0,2.03052,535846
2,0,1.95,0.030044,0,2.03352,513991
2,0,1.95,0.030044,0,2.03652,559845
2,0,1.95,0.030044,0,2.03952,523070
2,0,1.95,0.030044,0,2.04252,536935
2,0,1.95,0.030044,0,2.04552,562664
2,0,1.95,0.030044,0,2.04852,575032
2,0,1.95,0.030044,0,2.05153,568083
2,0,1.95,0.030044,0,2.05453,565752
2,0,1.95,0.030044,0,2.05753,622311
2,0,1.95,0.030044,0,2.06053,587152
2,0,1.95,0.030044,0,2.06353,594209
2,0,1.95,0.030044,0,2.06653,642710
2,0,1.95,0.030044,0,2.06953,645638
2,0,1.95,0.030044,0,2.07254,684827
2,0,1.95,0.030044,0,2.07554,680403
2,0,1.95,0.030044,0,2.07854,658100
2,0,1.95,0.030044,0,2.08154,681681
2,0,1.95,0.030044,0,2.08454,768848
2,0,1.95,0.030044,0,2.08754,747634
2,0,1.95,0.030044,0,2.09055,772254
2,0,1.95,0.030044,0,2.09355,766531
2,0,1.95,0.030044,0,2.09655,851234
2,0,1.95,0.030044,0,2.09955,796280
2,0,1.95,0.030044,0,2.10255,860472
2,0,1.95,0.030044,0,2.10555,914011
2,0,1.95,0.030044,0,2.10855,857505
2,0,1.95,0.030044,0,2.11156,912751
2,0,1.95,0.030044,0,2.11456,921977
2,0,1.95,0.030044,0,2.11756,964816
2,0,1.95,0.030044,0,2.12056,912478
2,0,1.95,0.030044,0,2.12356,1.09529e+06
2,0,1.95,0.030044,0,2.12656,1.04121e+06
2,0,1.95,0.030044,0,2.12956,1.0255e+06
2,0,1.95,0.030044,0,2.13257,1.00752e+06
2,0,1.95,0.030044,0,2.13557,1.02267e+06
2,0,1.95,0.030044,0,2.13857,1.06804e+06
2,0,1.95,0.030044,0,2.14157,1.0664e+06
2,0,1.95,0.030044,0,2.14457,1.03344e+06
2,0,1.95,0.030044,0,2.14757,1.03163e+06
2,0,1.95,0.030044,0,2.15058,1.02133e+06
2,0,1.95,0.030044,0,2.15358,1.0714e+06
2,0,1.95,0.030044,0,2.15658,1.04729e+06
2,0,1.95,0.030044,0,2.15958,1.0576e+06
2,0,1.95,0.030044,0,2.16258,1.00059e+06
2,0,1.95,0.030044,0,2.16558,1.01495e+06
2,0,1.95,0.030044,0,2.16858,1.01042e+06
2,0,1.95,0.030044,0,2.17159,1.00666e+06
2,0,1.95,0.030044,0,2.17459,1.00151e+06
2,0,1.95,0.030044,0,2.17759,1.0385e+06
2,0,1.95,0.030044,0,2.18059,1.01159e+06
2,0,1.95,0.030044,0,2.18359,1.0844e+06
2,0,1.95,0.030044,0,2.18659,1.01878e+06
2,0,1.95,0.030044,0,2.18959,1.06958e+06
2,0,1.95,0.030044,0,2.1926,1.00794e+06
2,0,1.95,0.030044,0,2.1956,1.05998e+06
2,0,1.95,0.030044,0,2.1986,1.04644e+06
2,0,1.95,0.030044,0,2.2016,1.05792e+06
2,0,1.95,0.030044,0,2.2046,1.08958e+06
2,0,1.95,0.030044,0,2.2076,1.06469e+06
2,0,1.95,0.030044,0,2.21061,1.0524e+06
2,0,1.95,0.030044,0,2.21361,1.00717e+06
2,0,1.95,0.030044,0,2.21661,1.04994e+06
2,0,1.95,0.030044,0,2.21961,1.05872e+06
2,0,1.95,0.030044,0,2.22261,1.00476e+06
2,0,1.95,0.030044,0,2.22561,1.02906e+06
2,0,1.95,0.030044,0,2.22861,1.03719e+06
2,0,1.95,0.030044,0,2.23162,1.05168e+06
2,0,1.95,0.030044,0,2.23462,1.05155e+06
2,0,1.95,0.030044,0,2.23762,1.05981e+06
2,0,1.95,0.030044,0,2.24062,1.01996e+06
2,0,1.95,0.030044,0,2.24362,1.01149e+06
2,0,1.95,0.030044,0,2.24662,1.05457e+06
2,0,1.95,0.030044,0,2.24962,1.01011e+06
2,0,1.95,0.030044,0,2.25263,1.03762e+06
2,0,1.95,0.030044,0,2.25563,1.03806e+06
2,0,1.95,0.030044,0,2.25863,1.02192e+06
2,0,1.95,0.030044,0,2.26163,1.04386e+06
2,0,1.95,0.030044,0,2.26463,1.04535e+06
2,0,1.95,0.030044,0,2.26763,1.03551e+06
2,0,1.95,0.030044,0,2.27064,1.0014e+06
2,0,1.95,0.030044,0,2.27364,1.01752e+06
2,0,1.95,0.030044,0,2.27664,1.03487e+06
2,0,1.95,0.030044,0,2.27964,1.05181e+06
2,0,1.95,0.030044,0,2.28264,1.03518e+06
2,0,1.95,0.030044,0,2.28564,1.02488e+06
2,0,1.95,0.030044,0,2.28864,1.00853e+06
2,0,1.95,0.030044,0,2.29165,1.04565e+06
2,0,1.95,0.030044,0,2.29465,1.03184e+06
2,0,1.95,0.030044,0,2.29765,1.04394e+06
2,0,1.95,0.030044,0,2.30065,1.02851e+06
2,0,1.95,0.030044,0,2.30365,1.04999e+06
2,0,1.95,0.030044,0,2.30665,1.16539e+06
2,0,1.95,0.030044,0,2.30965,1.07378e+06
2,0,1.95,0.030044,0,2.31266,1.21788e+06
2,0,1.95,0.030044,0,2.31566,1.03838e+06
2,0,1.95,0.030044,0,2.31866,1.03276e+06
2,0,1.95,0.030044,0,2.32166,1.06993e+06
2,0,1.95,0.030044,0,2.32466,1.04985e+06
2,0,1.95,0.030044,0,2.32766,1.12557e+06
2,0,1.95,0.030044,0,2.33067,1.22131e+06
2,0,1.95,0.030044,0,2.33367,1.02464e+06
2,0,1.95,0.030044,0,2.33667,1.03464e+06
2,0,1.95,0.030044,0,2.33967,1.06813e+06
2,0,1.95,0.030044,0,2.34267,1.02362e+06
2,0,1.95,0.030044,0,2.34567,1.11317e+06
2,0,1.95,0.030044,0,2.34867,1.22201e+06
2,0,1.95,0.030044,0,2.35168,1.0671e+06
2,0,1.95,0.030044,0,2.35468,1.07221e+06
2,0,1.95,0.030044,0,2.35768,1.10686e+06
2,0,1.95,0.030044,0,2.36068,1.03666e+06
2,0,1.95,0.030044,0,2.36368,1.0229e+06
2,0,1.95,0.030044,0,2.36668,1.01368e+06
2,0,1.95,0.030044,0,2.36968,1.12332e+06
2,0,1.95,0.030044,0,2.37269,1.16053e+06
2,0,1.95,0.030044,0,2.37569,1.14442e+06
2,0,1.95,0.030044,0,2.37869,1.04753e+06
2,0,1.95,0.030044,0,2.38169,1.055e+06
2,0,1.95,0.030044,0,2.38469,1.04319e+06
2,0,1.95,0.030044,0,2.38769,1.03906e+06
2,0,1.95,0.030044,0,2.3907,1.05342e+06
2,0,1.95,0.030044,0,2.3937,1.01735e+06
2,0,1.95,0.030044,0,2.3967,1.02183e+06
2,0,1.95,0.030044,0,2.3997,1.03632e+06
2,0,1.95,0.030044,0,2.4027,1.17802e+06
2,0,1.95,0.030044,0,2.4057,1.01465e+06
2,0,1.95,0.030044,0,2.4087,1.03204e+06
2,0,1.95,0.030044,0,2.41171,1.07023e+06
2,0,1.95,0.030044,0,2.41471,1.02084e+06
2,0,1.95,0.030044,0,2.41771,1.03666e+06
2,0,1.95,0.030044,0,2.42071,1.12098e+06
2,0,1.95,0.030044,0,2.42371,1.11718e+06
2,0,1.95,0.030044,0,2.42671,1.01125e+06
2,0,1.95,0.030044,0,2.42971,1.19726e+06
2,0,1.95,0.030044,0,2.43272,1.00904e+06
2,0,1.95,0.030044,0,2.43572,1.01378e+06
2,0,1.95,0.030044,0,2.43872,1.04809e+06
2,0,1.95,0.030044,0,2.44172,1.12078e+06
2,0,1.95,0.030044,0,2.44472,1.09969e+06
2,0,1.95,0.030044,0,2.44772,1.13101e+06
2,0,1.95,0.030044,0,2.45073,1.06578e+06
2,0,1.95,0.030044,0,2.45373,1.00713e+06
2,0,1.95,0.030044,0,2.45673,1.01779e+06
2,0,1.95,0.030044,0,2.45973,1.0997e+06
2,0,1.95,0.030044,0,2.46273,1.05302e+06
2,0,1.95,0.030044,0,2.46573,1.091e+06
2,0,1.95,0.030044,0,2.46873,1.15962e+06
2,0,1.95,0.030044,0,2.47174,1.08106e+06
2,0,1.95,0.030044,0,2.47474,1.01935e+06
2,0,1.95,0.030044,0,2.47774,1.0376e+06
2,0,1.95,0.030044,0,2.48074,1.04001e+06
2,0,1.95,0.030044,0,2.48374,1.06364e+06
2,0,1.95,0.030044,0,2.48674,1.03798e+06
2,0,1.95,0.030044,0,2.48974,1.03702e+06
2,0,1.95,0.030044,0,2.49275,1.09391e+06
2,0,1.95,0.030044,0,2.49575,1.09819e+06
2,0,1.95,0.030044,0,2.49875,1.01698e+06
2,0,1.95,0.030044,0,2.50175,1.14643e+06
2,0,1.95,0.030044,0,2.50475,1.01957e+06
2,0,1.95,0.030044,0,2.50775,1.04997e+06
2,0,1.95,0.030044,0,2.51076,1.08428e+06
2,0,1.95,0.030044,0,2.51376,1.04412e+06
2,0,1.95,0.030044,0,2.51676,1.04416e+06
2,0,1.95,0.030044,0,2.51976,1.02442e+06
2,0,1.95,0.030044,0,2.52276,1.00113e+06
2,0,1.95,0.030044,0,2.52576,1.0566e+06
2,0,1.95,0.030044,0,2.52876,1.03159e+06
2,0,1.95,0.030044,0,2.53177,1.02597e+06
2,0,1.95,0.030044,0,2.53477,1.03523e+06
2,0,1.95,0.030044,0,2.53777,1.03589e+06
2,0,1.95,0.030044,0,2.54077,1.22158e+06
2,0,1.95,0.030044,0,2.54377,1.11561e+06
2,0,1.95,0.030044,0,2.54677,1.24176e+06
2,0,1.95,0.030044,0,2.54977,1.00346e+06
2,0,1.95,0.030044,0,2.55278,1.05949e+06
2,0,1.95,0.030044,0,2.55578,1.01525e+06
2,0,1.95,0.030044,0,2.55878,1.03075e+06
2,0,1.95,0.030044,0,2.56178,1.11612e+06
2,0,1.95,0.030044,0,2.56478,1.03627e+06
2,0,1.95,0.030044,0,2.56778,1.13658e+06
2,0,1.95,0.030044,0,2.57079,1.02327e+06
2,0,1.95,0.030044,0,2.57379,1.15063e+06
2,0,1.95,0.030044,0,2.57679,1.00624e+06
2,0,1.95,0.030044,0,2.57979,1.11506e+06
2,0,1.95,0.030044,0,2.58279,1.07783e+06
2,0,1.95,0.030044,0,2.58579,1.02064e+06
2,0,1.95,0.030044,0,2.58879,1.02749e+06
2,0,1.95,0.030044,0,2.5918,1.08152e+06
2,0,1.95,0.030044,0,2.5948,1.01016e+06
2,0,1.95,0.030044,0,2.5978,1.03073e+06
2,0,1.95,0.030044,0,2.6008,1.03777e+06
2,0,1.95,0.030044,0,2.6038,1.13693e+06
2,0,1.95,0.030044,0,2.6068,1.01545e+06
2,0,1.95,0.030044,0,2.6098,1.01107e+06
2,0,1.95,0.030044,0,2.61281,1.06958e+06
2,0,1.95,0.030044,0,2.61581,1.05095e+06
2,0,1.95,0.030044,0,2.61881,1.05966e+06
2,0,1.95,0.030044,0,2.62181,1.02448e+06
2,0,1.95,0.030044,0,2.62481,1.07391e+06
2,0,1.95,0.030044,0,2.62781,1.11043e+06
2,0,1.95,0.030044,0,2.63082,1.20134e+06
2,0,1.95,0.030044,0,2.63382,1.06528e+06
2,0,1.95,0.030044,0,2.63682,1.00874e+06
2,0,1.95,0.030044,0,2.63982,1.04245e+06
2,0,1.95,0.030044,0,2.64282,1.18393e+06
2,0,1.95,0.030044,0,2.64582,1.09938e+06
2,0,1.95,0.030044,0,2.64882,1.14855e+06
2,0,1.95,0.030044,0,2.65183,1.20195e+06
2,0,1.95,0.030044,0,2.65483,1.00005e+06
2,0,1.95,0.030044,0,2.65783,1.02542e+06
2,0,1.95,0.030044,0,2.66083,1.23689e+06
2,0,1.95,0.030044,0,2.66383,1.19623e+06
2,0,1.95,0.030044,0,2.66683,1.16438e+06
2,0,1.95,0.030044,0,2.66983,1.09727e+06
2,0,1.95,0.030044,0,2.67284,1.08448e+06
2,0,1.95,0.030044,0,2.67584,1.01498e+06
2,0,1.95,0.030044,0,2.67884,1.00939e+06
2,0,1.95,0.030044,0,2.68184,1.15635e+06
2,0,1.95,0.030044,0,2.68484,1.00733e+06
2,0,1.95,0.030044,0,2.68784,1.13345e+06
2,0,1.95,0.030044,0,2.69085,1.17587e+06
2,0,1.95,0.030044,0,2.69385,1.08964e+06
2,0,1.95,0.030044,0,2.69685,1.0489e+06
2,0,1.95,0.030044,0,2.69985,1.12499e+06
2,0,1.95,0.030044,0,2.70285,1.14062e+06
2,0,1.95,0.030044,0,2.70585,1.15018e+06
2,0,1.95,0.030044,0,2.70885,1.11146e+06
2,0,1.95,0.030044,0,2.71186,1.14283e+06
2,0,1.95,0.030044,0,2.71486,1.11334e+06
2,0,1.95,0.030044,0,2.71786,1.05582e+06
2,0,1.95,0.030044,0,2.72086,1.06179e+06
2,0,1.95,0.030044,0,2.72386,1.07231e+06
2,0,1.95,0.030044,0,2.72686,1.05144e+06
2,0,1.95,0.030044,0,2.72986,1.00869e+06
2,0,1.95,0.030044,0,2.73287,1.0564e+06
2,0,1.95,0.030044,0,2.73587,1.10517e+06
2,0,1.95,0.030044,0,2.73887,1.05931e+06
2,0,1.95,0.030044,0,2.74187,1.06931e+06
2,0,1.95,0.030044,0,2.74487,1.06107e+06
2,0,1.95,0.030044,0,2.74787,1.15377e+06
2,0,1.95,0.030044,0,2.75088,1.04109e+06
2,0,1.95,0.030044,0,2.75388,1.08024e+06
2,0,1.95,0.030044,0,2.75688,1.12572e+06
2,0,1.95,0.030044,0,2.75988,1.08011e+06
2,0,1.95,0.030044,0,2.76288,1.05456e+06
2,0,1.95,0.030044,0,2.76588,1.08866e+06
2,0,1.95,0.030044,0,2.76888,1.07256e+06
2,0,1.95,0.030044,0,2.77189,1.12599e+06
2,0,1.95,0.030044,0,2.77489,1.05109e+06
2,0,1.95,0.030044,0,2.77789,1.03359e+06
2,0,1.95,0.030044,0,2.78089,1.04779e+06
2,0,1.95,0.030044,0,2.78389,1.09104e+06
2,0,1.95,0.030044,0,2.78689,1.01273e+06
2,0,1.95,0.030044,0,2.78989,1.11911e+06
2,0,1.95,0.030044,0,2.7929,1.05369e+06
2,0,1.95,0.030044,0,2.7959,1.13763e+06
2,0,1.95,0.030044,0,2.7989,1.01865e+06
2,0,1.95,0.030044,0,2.8019,1.10226e+06
2,0,1.95,0.030044,0,2.8049,1.01037e+06
2,0,1.95,0.030044,0,2.8079,1.2542e+06
2,0,1.95,0.030044,0,2.81091,1.0306e+06
2,0,1.95,0.030044,0,2.81391,1.03691e+06
2,0,1.95,0.030044,0,2.81691,1.09308e+06
2,0,1.95,0.030044,0,2.81991,1.31603e+06
2,0,1.95,0.030044,0,2.82291,1.31864e+06
2,0,1.95,0.030044,0,2.82591,1.00384e+06
2,0,1.95,0.030044,0,2.82891,1.03497e+06
2,0,1.95,0.030044,0,2.83192,1.0904e+06
2,0,1.95,0.030044,0,2.83492,1.02074e+06
2,0,1.95,0.030044,0,2.83792,1.01469e+06
2,0,1.95,0.030044,0,2.84092,1.00558e+06
2,0,1.95,0.030044,0,2.84392,1.16323e+06
2,0,1.95,0.030044,0,2.84692,1.05774e+06
2,0,1.95,0.030044,0,2.84992,1.06938e+06
2,0,1.95,0.030044,0,2.85293,1.02088e+06
2,0,1.95,0.030044,0,2.85593,1.05878e+06
2,0,1.95,0.030044,0,2.85893,1.12844e+06
2,0,1.95,0.030044,0,2.86193,1.13482e+06
2,0,1.95,0.030044,0,2.86493,1.20194e+06
2,0,1.95,0.030044,0,2.86793,1.02159e+06
2,0,1.95,0.030044,0,2.87094,1.05629e+06
2,0,1.95,0.030044,0,2.87394,1.26718e+06
2,0,1.95,0.030044,0,2.87694,1.34995e+06
2,0,1.95,0.030044,0,2.87994,1.00513e+06
2,0,1.95,0.030044,0,2.88294,1.04867e+06
2,0,1.95,0.030044,0,2.88594,1.02547e+06
2,0,1.95,0.030044,0,2.88894,1.07354e+06
2,0,1.95,0.030044,0,2.89195,1.04483e+06
2,0,1.95,0.030044,0,2.89495,1.15722e+06
2,0,1.95,0.030044,0,2.89795,1.05595e+06
2,0,1.95,0.030044,0,2.90095,1.02435e+06
2,0,1.95,0.030044,0,2.90395,1.04744e+06
2,0,1.95,0.030044,0,2.90695,1.13605e+06
2,0,1.95,0.030044,0,2.90995,1.2133e+06
2,0,1.95,0.030044,0,2.91296,1.21981e+06
2,0,1.95,0.030044,0,2.91596,1.15232e+06
2,0,1.95,0.030044,0,2.91896,1.0219e+06
2,0,1.95,0.030044,0,2.92196,1.08074e+06
2,0,1.95,0.030044,0,2.92496,1.0669e+06
2,0,1.95,0.030044,0,2.92796,1.09853e+06
2,0,1.95,0.030044,0,2.93097,1.11666e+06
2,0,1.95,0.030044,0,2.93397,1.12073e+06
2,0,1.95,0.030044,0,2.93697,1.23972e+06
2,0,1.95,0.030044,0,2.93997,1.08609e+06
2,0,1.95,0.030044,0,2.94297,1.22822e+06
2,0,1.95,0.030044,0,2.94597,1.00208e+06
2,0,1.95,0.030044,0,2.94897,1.06336e+06
2,0,1.95,0.030044,0,2.95198,1.03842e+06
2,0,1.95,0.030044,0,2.95498,1.05371e+06
2,0,1.95,0.030044,0,2.95798,1.01813e+06
2,0,1.95,0.030044,0,2.96098,1.04975e+06
2,0,1.95,0.030044,0,2.96398,1.14722e+06
2,0,1.95,0.030044,0,2.96698,1.10897e+06
2,0,1.95,0.030044,0,2.96998,1.12322e+06
2,0,1.95,0.030044,0,2.97299,1.11584e+06
2,0,1.95,0.030044,0,2.97599,1.07945e+06
2,0,1.95,0.030044,0,2.97899,1.14472e+06
2,0,1.95,0.030044,0,2.98199,1.15882e+06
2,0,1.95,0.030044,0,2.98499,1.01245e+06
2,0,1.95,0.030044,0,2.98799,1.06273e+06
2,0,1.95,0.030044,0,2.991,1.06557e+06
2,0,1.95,0.030044,0,2.994,1.01588e+06
2,0,1.95,0.030044,0,2.997,1.00875e+06
2,0,1.95,0.030044,0,3,1.15172e+06

