2,0,1.95,-0.00234762,0,-3,-652065
2,0,1.95,-0.00234762,0,-2.997,-688745
2,0,1.95,-0.00234762,0,-2.994,-669617
2,0,1.95,-0.00234762,0,-2.991,-680412
2,0,1.95,-0.00234762,0,-2.98799,-672001
2,0,1.95,-0.00234762,0,-2.98499,-624562
2,0,1.95,-0.00234762,0,-2.98199,-632429
2,0,1.95,-0.00234762,0,-2.97899,-638915
2,0,1.95,-0.00234762,0,-2.97599,-616879
2,0,1.95,-0.00234762,0,-2.97299,-666335
2,0,1.95,-0.00234762,0,-2.96998,-731839
2,0,1.95,-0.00234762,0,-2.96698,-698566
2,0,1.95,-0.00234762,0,-2.96398,-603262
2,0,1.95,-0.00234762,0,-2.96098,-614477
2,0,1.95,-0.00234762,0,-2.95798,-654125
2,0,1.95,-0.00234762,0,-2.95498,-626064
2,0,1.95,-0.00234762,0,-2.95198,-586943
2,0,1.95,-0.00234762,0,-2.94897,-606417
2,0,1.95,-0.00234762,0,-2.94597,-593362
2,0,1.95,-0.00234762,0,-2.94297,-665682
2,0,1.95,-0.00234762,0,-2.93997,-568792
2,0,1.95,-0.00234762,0,-2.93697,-557354
2,0,1.95,-0.00234762,0,-2.93397,-557305
2,0,1.95,-0.00234762,0,-2.93097,-549304
2,0,1.95,-0.00234762,0,-2.92796,-528223
2,0,1.95,-0.00234762,0,-2.92496,-573657
2,0,1.95,-0.00234762,0,-2.92196,-556938
2,0,1.95,-0.00234762,0,-2.91896,-527848
2,0,1.95,-0.00234762,0,-2.91596,-486937
2,0,1.95,-0.00234762,0,-2.91296,-474385
2,0,1.95,-0.00234762,0,-2.90995,519400
2,0,1.95,-0.00234762,0,-2.90695,508873
2,0,1.95,-0.00234762,0,-2.90395,591052
2,0,1.95,-0.00234762,0,-2.90095,598814
2,0,1.95,-0.00234762,0,-2.89795,628549
2,0,1.95,-0.00234762,0,-2.89495,605284
2,0,1.95,-0.00234762,0,-2.89195,592397
2,0,1.95,-0.00234762,0,-2.88894,715847
2,0,1.95,-0.00234762,0,-2.88594,617050
2,0,1.95,-0.00234762,0,-2.88294,650052
2,0,1.95,-0.00234762,0,-2.87994,646424
2,0,1.95,-0.00234762,0,-2.87694,628487
2,0,1.95,-0.00234762,0,-2.87394,646560
2,0,1.95,-0.00234762,0,-2.87094,649636
2,0,1.95,-0.00234762,0,-2.86793,690856
2,0,1.95,-0.00234762,0,-2.86493,650213
2,0,1.95,-0.00234762,0,-2.86193,702537
2,0,1.95,-0.00234762,0,-2.85893,677151
2,0,1.95,-0.00234762,0,-2.85593,740629
2,0,1.95,-0.00234762,0,-2.85293,714953
2,0,1.95,-0.00234762,0,-2.84992,657949
2,0,1.95,-0.00234762,0,-2.84692,693487
2,0,1.95,-0.00234762,0,-2.84392,666765
2,0,1.95,-0.00234762,0,-2.84092,675915
2,0,1.95,-0.00234762,0,-2.83792,685171
2,0,1.95,-0.00234762,0,-2.83492,734745
2,0,1.95,-0.00234762,0,-2.83192,740496
2,0,1.95,-0.00234762,0,-2.82891,667930
2,0,1.95,-0.00234762,0,-2.82591,796517
2,0,1.95,-0.00234762,0,-2.82291,827572
2,0,1.95,-0.00234762,0,-2.81991,714196
2,0,1.95,-0.00234762,0,-2.81691,725603
2,0,1.95,-0.00234762,0,-2.81391,696904
2,0,1.95,-0.00234762,0,-2.81091,715142
2,0,1.95,-0.00234762,0,-2.8079,720378
2,0,1.95,-0.00234762,0,-2.8049,681268
2,0,1.95,-0.00234762,0,-2.8019,681447
2,0,1.95,-0.00234762,0,-2.7989,698750
2,0,1.95,-0.00234762,0,-2.7959,758371
2,0,1.95,-0.00234762,0,-2.7929,784748
2,0,1.95,-0.00234762,0,-2.78989,797724
2,0,1.95,-0.00234762,0,-2.78689,702221
2,0,1.95,-0.00234762,0,-2.78389,741490
2,0,1.95,-0.00234762,0,-2.78089,747233
2,0,1.95,-0.00234762,0,-2.77789,702584
2,0,1.95,-0.00234762,0,-2.77489,707135
2,0,1.95,-0.00234762,0,-2.77189,701502
2,0,1.95,-0.00234762,0,-2.76888,715524
2,0,1.95,-0.00234762,0,-2.76588,697326
2,0,1.95,-0.00234762,0,-2.76288,780992
2,0,1.95,-0.00234762,0,-2.75988,754584
2,0,1.95,-0.00234762,0,-2.75688,761403
2,0,1.95,-0.00234762,0,-2.75388,694443
2,0,1.95,-0.00234762,0,-2.75088,731344
2,0,1.95,-0.00234762,0,-2.74787,722409
2,0,1.95,-0.00234762,0,-2.74487,716478
2,0,1.95,-0.00234762,0,-2.74187,711422
2,0,1.95,-0.00234762,0,-2.73887,718715
2,0,1.95,-0.00234762,0,-2.73587,782209
2,0,1.95,-0.00234762,0,-2.73287,734579
2,0,1.95,-0.00234762,0,-2.72986,762524
2,0,1.95,-0.00234762,0,-2.72686,710537
2,0,1.95,-0.00234762,0,-2.72386,711010
2,0,1.95,-0.00234762,0,-2.72086,780570
2,0,1.95,-0.00234762,0,-2.71786,693427
2,0,1.95,-0.00234762,0,-2.71486,790287
2,0,1.95,-0.00234762,0,-2.71186,747320
2,0,1.95,-0.00234762,0,-2.70885,708620
2,0,1.95,-0.00234762,0,-2.70585,709694
2,0,1.95,-0.00234762,0,-2.70285,700437
2,0,1.95,-0.00234762,0,-2.69985,698823
2,0,1.95,-0.00234762,0,-2.69685,748644
2,0,1.95,-0.00234762,0,-2.69385,758172
2,0,1.95,-0.00234762,0,-2.69085,743150
2,0,1.95,-0.00234762,0,-2.68784,759485
2,0,1.95,-0.00234762,0,-2.68484,773856
2,0,1.95,-0.00234762,0,-2.68184,694129
2,0,1.95,-0.00234762,0,-2.67884,718445
2,0,1.95,-0.00234762,0,-2.67584,739320
2,0,1.95,-0.00234762,0,-2.67284,795514
2,0,1.95,-0.00234762,0,-2.66983,732066
2,0,1.95,-0.00234762,0,-2.66683,692990
2,0,1.95,-0.00234762,0,-2.66383,751668
2,0,1.95,-0.00234762,0,-2.66083,709316
2,0,1.95,-0.00234762,0,-2.65783,759208
2,0,1.95,-0.00234762,0,-2.65483,739617
2,0,1.95,-0.00234762,0,-2.65183,739011
2,0,1.95,-0.00234762,0,-2.64882,702432
2,0,1.95,-0.00234762,0,-2.64582,764929
2,0,1.95,-0.00234762,0,-2.64282,727637
2,0,1.95,-0.00234762,0,-2.63982,699862
2,0,1.95,-0.00234762,0,-2.63682,732668
2,0,1.95,-0.00234762,0,-2.63382,716879
2,0,1.95,-0.00234762,0,-2.63082,670068
2,0,1.95,-0.00234762,0,-2.62781,691511
2,0,1.95,-0.00234762,0,-2.62481,687085
2,0,1.95,-0.00234762,0,-2.62181,746285
2,0,1.95,-0.00234762,0,-2.61881,699078
2,0,1.95,-0.00234762,0,-2.61581,679072
2,0,1.95,-0.00234762,0,-2.61281,665259
2,0,1.95,-0.00234762,0,-2.6098,708074
2,0,1.95,-0.00234762,0,-2.6068,705949
2,0,1.95,-0.00234762,0,-2.6038,671652
2,0,1.95,-0.00234762,0,-2.6008,758115
2,0,1.95,-0.00234762,0,-2.5978,669340
2,0,1.95,-0.00234762,0,-2.5948,716586
2,0,1.95,-0.00234762,0,-2.5918,685221
2,0,1.95,-0.00234762,0,-2.58879,697238
2,0,1.95,-0.00234762,0,-2.58579,689451
2,0,1.95,-0.00234762,0,-2.58279,640125
2,0,1.95,-0.00234762,0,-2.57979,635431
2,0,1.95,-0.00234762,0,-2.57679,657201
2,0,1.95,-0.00234762,0,-2.57379,641771
2,0,1.95,-0.00234762,0,-2.57079,656840
2,0,1.95,-0.00234762,0,-2.56778,666945
2,0,1.95,-0.00234762,0,-2.56478,619134
2,0,1.95,-0.00234762,0,-2.56178,613940
2,0,1.95,-0.00234762,0,-2.55878,670672
2,0,1.95,-0.00234762,0,-2.55578,707911
2,0,1.95,-0.00234762,0,-2.55278,757287
2,0,1.95,-0.00234762,0,-2.54977,607847
2,0,1.95,-0.00234762,0,-2.54677,668275
2,0,1.95,-0.00234762,0,-2.54377,623527
2,0,1.95,-0.00234762,0,-2.54077,652879
2,0,1.95,-0.00234762,0,-2.53777,664833
2,0,1.95,-0.00234762,0,-2.53477,678799
2,0,1.95,-0.00234762,0,-2.53177,564031
2,0,1.95,-0.00234762,0,-2.52876,612073
2,0,1.95,-0.00234762,0,-2.52576,564540
2,0,1.95,-0.00234762,0,-2.52276,563082
2,0,1.95,-0.00234762,0,-2.51976,538773
2,0,1.95,-0.00234762,0,-2.51676,565520
2,0,1.95,-0.00234762,0,-2.51376,626996
2,0,1.95,-0.00234762,0,-2.51076,511606
2,0,1.95,-0.00234762,0,-2.50775,503577
2,0,1.95,-0.00234762,0,-2.50475,-503571
2,0,1.95,-0.00234762,0,-2.50175,-572902
2,0,1.95,-0.00234762,0,-2.49875,-526089
2,0,1.95,-0.00234762,0,-2.49575,-554009
2,0,1.95,-0.00234762,0,-2.49275,-586356
2,0,1.95,-0.00234762,0,-2.48974,-625352
2,0,1.95,-0.00234762,0,-2.48674,-587143
2,0,1.95,-0.00234762,0,-2.48374,-607270
2,0,1.95,-0.00234762,0,-2.48074,-674255
2,0,1.95,-0.00234762,0,-2.47774,-599074
2,0,1.95,-0.00234762,0,-2.47474,-669686
2,0,1.95,-0.00234762,0,-2.47174,-676121
2,0,1.95,-0.00234762,0,-2.46873,-638718
2,0,1.95,-0.00234762,0,-2.46573,-647581
2,0,1.95,-0.00234762,0,-2.46273,-678971
2,0,1.95,-0.00234762,0,-2.45973,-709655
2,0,1.95,-0.00234762,0,-2.45673,-657253
2,0,1.95,-0.00234762,0,-2.45373,-688048
2,0,1.95,-0.00234762,0,-2.45073,-662613
2,0,1.95,-0.00234762,0,-2.44772,-650406
2,0,1.95,-0.00234762,0,-2.44472,-699968
2,0,1.95,-0.00234762,0,-2.44172,-692331
2,0,1.95,-0.00234762,0,-2.43872,-675607
2,0,1.95,-0.00234762,0,-2.43572,-705987
2,0,1.95,-0.00234762,0,-2.43272,-675538
2,0,1.95,-0.00234762,0,-2.42971,-755793
2,0,1.95,-0.00234762,0,-2.42671,-696736
2,0,1.95,-0.00234762,0,-2.42371,-660285
2,0,1.95,-0.00234762,0,-2.42071,-751341
2,0,1.95,-0.00234762,0,-2.41771,-695137
2,0,1.95,-0.00234762,0,-2.41471,-709517
2,0,1.95,-0.00234762,0,-2.41171,-674749
2,0,1.95,-0.00234762,0,-2.4087,-750877
2,0,1.95,-0.00234762,0,-2.4057,-726662
2,0,1.95,-0.00234762,0,-2.4027,-707971
2,0,1.95,-0.00234762,0,-2.3997,-673369
2,0,1.95,-0.00234762,0,-2.3967,-730985
2,0,1.95,-0.00234762,0,-2.3937,-753975
2,0,1.95,-0.00234762,0,-2.3907,-680498
2,0,1.95,-0.00234762,0,-2.38769,-695440
2,0,1.95,-0.00234762,0,-2.38469,-708921
2,0,1.95,-0.00234762,0,-2.38169,-713519
2,0,1.95,-0.00234762,0,-2.37869,-730788
2,0,1.95,-0.00234762,0,-2.37569,-755220
2,0,1.95,-0.00234762,0,-2.37269,-758995
2,0,1.95,-0.00234762,0,-2.36968,-759601
2,0,1.95,-0.00234762,0,-2.36668,-735115
2,0,1.95,-0.00234762,0,-2.36368,-693377
2,0,1.95,-0.00234762,0,-2.36068,-715408
2,0,1.95,-0.00234762,0,-2.35768,-701457
2,0,1.95,-0.00234762,0,-2.35468,-727908
2,0,1.95,-0.00234762,0,-2.35168,-797109
2,0,1.95,-0.00234762,0,-2.34867,-743118
2,0,1.95,-0.00234762,0,-2.34567,-749281
2,0,1.95,-0.00234762,0,-2.34267,-711944
2,0,1.95,-0.00234762,0,-2.33967,-756611
2,0,1.95,-0.00234762,0,-2.33667,-760279
2,0,1.95,-0.00234762,0,-2.33367,-765723
2,0,1.95,-0.00234762,0,-2.33067,-744794
2,0,1.95,-0.00234762,0,-2.32766,-757041
2,0,1.95,-0.00234762,0,-2.32466,-728763
2,0,1.95,-0.00234762,0,-2.32166,-717811
2,0,1.95,-0.00234762,0,-2.31866,-706112
2,0,1.95,-0.00234762,0,-2.31566,-792190
2,0,1.95,-0.00234762,0,-2.31266,-717446
2,0,1.95,-0.00234762,0,-2.30965,-764171
2,0,1.95,-0.00234762,0,-2.30665,-742618
2,0,1.95,-0.00234762,0,-2.30365,-708707
2,0,1.95,-0.00234762,0,-2.30065,-711598
2,0,1.95,-0.00234762,0,-2.29765,-748350
2,0,1.95,-0.00234762,0,-2.29465,-702714
2,0,1.95,-0.00234762,0,-2.29165,-707458
2,0,1.95,-0.00234762,0,-2.28864,-777438
2,0,1.95,-0.00234762,0,-2.28564,-698627
2,0,1.95,-0.00234762,0,-2.28264,-849903
2,0,1.95,-0.00234762,0,-2.27964,-704476
2,0,1.95,-0.00234762,0,-2.27664,-698227
2,0,1.95,-0.00234762,0,-2.27364,-691078
2,0,1.95,-0.00234762,0,-2.27064,-736039
2,0,1.95,-0.00234762,0,-2.26763,-771455
2,0,1.95,-0.00234762,0,-2.26463,-744172
2,0,1.95,-0.00234762,0,-2.26163,-730091
2,0,1.95,-0.00234762,0,-2.25863,-746607
2,0,1.95,-0.00234762,0,-2.25563,-683888
2,0,1.95,-0.00234762,0,-2.25263,-704555
2,0,1.95,-0.00234762,0,-2.24962,-692462
2,0,1.95,-0.00234762,0,-2.24662,-702421
2,0,1.95,-0.00234762,0,-2.24362,-704979
2,0,1.95,-0.00234762,0,-2.24062,-692076
2,0,1.95,-0.00234762,0,-2.23762,-683042
2,0,1.95,-0.00234762,0,-2.23462,-698266
2,0,1.95,-0.00234762,0,-2.23162,-706455
2,0,1.95,-0.00234762,0,-2.22861,-716772
2,0,1.95,-0.00234762,0,-2.22561,-719884
2,0,1.95,-0.00234762,0,-2.22261,-674778
2,0,1.95,-0.00234762,0,-2.21961,-705507
2,0,1.95,-0.00234762,0,-2.21661,-674462
2,0,1.95,-0.00234762,0,-2.21361,-666267
2,0,1.95,-0.00234762,0,-2.21061,-679287
2,0,1.95,-0.00234762,0,-2.2076,-746480
2,0,1.95,-0.00234762,0,-2.2046,-690838
2,0,1.95,-0.00234762,0,-2.2016,-671523
2,0,1.95,-0.00234762,0,-2.1986,-647205
2,0,1.95,-0.00234762,0,-2.1956,-717979
2,0,1.95,-0.00234762,0,-2.1926,-706805
2,0,1.95,-0.00234762,0,-2.18959,-669926
2,0,1.95,-0.00234762,0,-2.18659,-653546
2,0,1.95,-0.00234762,0,-2.18359,-649370
2,0,1.95,-0.00234762,0,-2.18059,-636578
2,0,1.95,-0.00234762,0,-2.17759,-658464
2,0,1.95,-0.00234762,0,-2.17459,-652730
2,0,1.95,-0.00234762,0,-2.17159,-625005
2,0,1.95,-0.00234762,0,-2.16858,-655568
2,0,1.95,-0.00234762,0,-2.16558,-612280
2,0,1.95,-0.00234762,0,-2.16258,-659611
2,0,1.95,-0.00234762,0,-2.15958,-637785
2,0,1.95,-0.00234762,0,-2.15658,-669657
2,0,1.95,-0.00234762,0,-2.15358,-630586
2,0,1.95,-0.00234762,0,-2.15058,-636838
2,0,1.95,-0.00234762,0,-2.14757,-591733
2,0,1.95,-0.00234762,0,-2.14457,-605035
2,0,1.95,-0.00234762,0,-2.14157,-626341
2,0,1.95,-0.00234762,0,-2.13857,-619384
2,0,1.95,-0.00234762,0,-2.13557,-605494
2,0,1.95,-0.00234762,0,-2.13257,-553126
2,0,1.95,-0.00234762,0,-2.12956,-571467
2,0,1.95,-0.00234762,0,-2.12656,-527176
2,0,1.95,-0.00234762,0,-2.12356,-543757
2,0,1.95,-0.00234762,0,-2.12056,-495135
2,0,1.95,-0.00234762,0,-2.11756,-475349
2,0,1.95,-0.00234762,0,-2.11456,416285
2,0,1.95,-0.00234762,0,-2.11156,550294
2,0,1.95,-0.00234762,0,-2.10855,570727
2,0,1.95,-0.00234762,0,-2.10555,534864
2,0,1.95,-0.00234762,0,-2.10255,550070
2,0,1.95,-0.00234762,0,-2.09955,630833
2,0,1.95,-0.00234762,0,-2.09655,639490
2,0,1.95,-0.00234762,0,-2.09355,609531
2,0,1.95,-0.00234762,0,-2.09055,621948
2,0,1.95,-0.00234762,0,-2.08754,609931
2,0,1.95,-0.00234762,0,-2.08454,652267
2,0,1.95,-0.00234762,0,-2.08154,677779
2,0,1.95,-0.00234762,0,-2.07854,641769
2,0,1.95,-0.00234762,0,-2.07554,668443
2,0,1.95,-0.00234762,0,-2.07254,634747
2,0,1.95,-0.00234762,0,-2.06953,724412
2,0,1.95,-0.00234762,0,-2.06653,650054
2,0,1.95,-0.00234762,0,-2.06353,662135
2,0,1.95,-0.00234762,0,-2.06053,643334
2,0,1.95,-0.00234762,0,-2.05753,664960
2,0,1.95,-0.00234762,0,-2.05453,675521
2,0,1.95,-0.00234762,0,-2.05153,667140
2,0,1.95,-0.00234762,0,-2.04852,673069
2,0,1.95,-0.00234762,0,-2.04552,660516
2,0,1.95,-0.00234762,0,-2.04252,711090
2,0,1.95,-0.00234762,0,-2.03952,662741
2,0,1.95,-0.00234762,0,-2.03652,711649
2,0,1.95,-0.00234762,0,-2.03352,716676
2,0,1.95,-0.00234762,0,-2.03052,727906
2,0,1.95,-0.00234762,0,-2.02751,670866
2,0,1.95,-0.00234762,0,-2.02451,714521
2,0,1.95,-0.00234762,0,-2.02151,783054
2,0,1.95,-0.00234762,0,-2.01851,690503
2,0,1.95,-0.00234762,0,-2.01551,753892
2,0,1.95,-0.00234762,0,-2.01251,672925
2,0,1.95,-0.00234762,0,-2.0095,712168
2,0,1.95,-0.00234762,0,-2.0065,713224
2,0,1.95,-0.00234762,0,-2.0035,776184
2,0,1.95,-0.00234762,0,-2.0005,687909
2,0,1.95,-0.00234762,0,-1.9975,757083
2,0,1.95,-0.00234762,0,-1.9945,734387
2,0,1.95,-0.00234762,0,-1.9915,705118
2,0,1.95,-0.00234762,0,-1.98849,721127
2,0,1.95,-0.00234762,0,-1.98549,734016
2,0,1.95,-0.00234762,0,-1.98249,805858
2,0,1.95,-0.00234762,0,-1.97949,694463
2,0,1.95,-0.00234762,0,-1.97649,723194
2,0,1.95,-0.00234762,0,-1.97349,772135
2,0,1.95,-0.00234762,0,-1.97049,729523
2,0,1.95,-0.00234762,0,-1.96748,697372
2,0,1.95,-0.00234762,0,-1.96448,765203
2,0,1.95,-0.00234762,0,-1.96148,707030
2,0,1.95,-0.00234762,0,-1.95848,756217
2,0,1.95,-0.00234762,0,-1.95548,725407
2,0,1.95,-0.00234762,0,-1.95248,736416
2,0,1.95,-0.00234762,0,-1.94947,791416
2,0,1.95,-0.00234762,0,-1.94647,718793
2,0,1.95,-0.00234762,0,-1.94347,758738
2,0,1.95,-0.00234762,0,-1.94047,743407
2,0,1.95,-0.00234762,0,-1.93747,697043
2,0,1.95,-0.00234762,0,-1.93447,740181
2,0,1.95,-0.00234762,0,-1.93147,695892
2,0,1.95,-0.00234762,0,-1.92846,784630
2,0,1.95,-0.00234762,0,-1.92546,724572
2,0,1.95,-0.00234762,0,-1.92246,724301
2,0,1.95,-0.00234762,0,-1.91946,734487
2,0,1.95,-0.00234762,0,-1.91646,748686
2,0,1.95,-0.00234762,0,-1.91346,764945
2,0,1.95,-0.00234762,0,-1.91046,780565
2,0,1.95,-0.00234762,0,-1.90745,730330
2,0,1.95,-0.00234762,0,-1.90445,733628
2,0,1.95,-0.00234762,0,-1.90145,733258
2,0,1.95,-0.00234762,0,-1.89845,716822
2,0,1.95,-0.00234762,0,-1.89545,755923
2,0,1.95,-0.00234762,0,-1.89245,718359
2,0,1.95,-0.00234762,0,-1.88944,774487
2,0,1.95,-0.00234762,0,-1.88644,707542
2,0,1.95,-0.00234762,0,-1.88344,719794
2,0,1.95,-0.00234762,0,-1.88044,729751
2,0,1.95,-0.00234762,0,-1.87744,700732
2,0,1.95,-0.00234762,0,-1.87444,701552
2,0,1.95,-0.00234762,0,-1.87144,812459
2,0,1.95,-0.00234762,0,-1.86843,755425
2,0,1.95,-0.00234762,0,-1.86543,731965
2,0,1.95,-0.00234762,0,-1.86243,741457
2,0,1.95,-0.00234762,0,-1.85943,750393
2,0,1.95,-0.00234762,0,-1.85643,733113
2,0,1.95,-0.00234762,0,-1.85343,705829
2,0,1.95,-0.00234762,0,-1.85043,686083
2,0,1.95,-0.00234762,0,-1.84742,686059
2,0,1.95,-0.00234762,0,-1.84442,724178
2,0,1.95,-0.00234762,0,-1.84142,744394
2,0,1.95,-0.00234762,0,-1.83842,673056
2,0,1.95,-0.00234762,0,-1.83542,724590
2,0,1.95,-0.00234762,0,-1.83242,749552
2,0,1.95,-0.00234762,0,-1.82941,730792
2,0,1.95,-0.00234762,0,-1.82641,729678
2,0,1.95,-0.00234762,0,-1.82341,657528
2,0,1.95,-0.00234762,0,-1.82041,728812
2,0,1.95,-0.00234762,0,-1.81741,662616
2,0,1.95,-0.00234762,0,-1.81441,651780
2,0,1.95,-0.00234762,0,-1.81141,682357
2,0,1.95,-0.00234762,0,-1.8084,684044
2,0,1.95,-0.00234762,0,-1.8054,693779
2,0,1.95,-0.00234762,0,-1.8024,718830
2,0,1.95,-0.00234762,0,-1.7994,758021
2,0,1.95,-0.00234762,0,-1.7964,652886
2,0,1.95,-0.00234762,0,-1.7934,638248
2,0,1.95,-0.00234762,0,-1.7904,655591
2,0,1.95,-0.00234762,0,-1.78739,635253
2,0,1.95,-0.00234762,0,-1.78439,636644
2,0,1.95,-0.00234762,0,-1.78139,614181
2,0,1.95,-0.00234762,0,-1.77839,675965
2,0,1.95,-0.00234762,0,-1.77539,695594
2,0,1.95,-0.00234762,0,-1.77239,639809
2,0,1.95,-0.00234762,0,-1.76938,641703
2,0,1.95,-0.00234762,0,-1.76638,603474
2,0,1.95,-0.00234762,0,-1.76338,615913
2,0,1.95,-0.00234762,0,-1.76038,603637
2,0,1.95,-0.00234762,0,-1.75738,553579
2,0,1.95,-0.00234762,0,-1.75438,576858
2,0,1.95,-0.00234762,0,-1.75138,595517
2,0,1.95,-0.00234762,0,-1.74837,592230
2,0,1.95,-0.00234762,0,-1.74537,565255
2,0,1.95,-0.00234762,0,-1.74237,485893
2,0,1.95,-0.00234762,0,-1.73937,-479602
2,0,1.95,-0.00234762,0,-1.73637,-523911
2,0,1.95,-0.00234762,0,-1.73337,-523319
2,0,1.95,-0.00234762,0,-1.73037,-557484
2,0,1.95,-0.00234762,0,-1.72736,-579828
2,0,1.95,-0.00234762,0,-1.72436,-592164
2,0,1.95,-0.00234762,0,-1.72136,-611816
2,0,1.95,-0.00234762,0,-1.71836,-601291
2,0,1.95,-0.00234762,0,-1.71536,-609644
2,0,1.95,-0.00234762,0,-1.71236,-606277
2,0,1.95,-0.00234762,0,-1.70935,-619190
2,0,1.95,-0.00234762,0,-1.70635,-681118
2,0,1.95,-0.00234762,0,-1.70335,-683517
2,0,1.95,-0.00234762,0,-1.70035,-641710
2,0,1.95,-0.00234762,0,-1.69735,-659910
2,0,1.95,-0.00234762,0,-1.69435,-635060
2,0,1.95,-0.00234762,0,-1.69135,-695535
2,0,1.95,-0.00234762,0,-1.68834,-654502
2,0,1.95,-0.00234762,0,-1.68534,-653649
2,0,1.95,-0.00234762,0,-1.68234,-644651
2,0,1.95,-0.00234762,0,-1.67934,-665611
2,0,1.95,-0.00234762,0,-1.67634,-683739
2,0,1.95,-0.00234762,0,-1.67334,-656856
2,0,1.95,-0.00234762,0,-1.67034,-659686
2,0,1.95,-0.00234762,0,-1.66733,-672523
2,0,1.95,-0.00234762,0,-1.66433,-741746
2,0,1.95,-0.00234762,0,-1.66133,-694791
2,0,1.95,-0.00234762,0,-1.65833,-687794
2,0,1.95,-0.00234762,0,-1.65533,-674393
2,0,1.95,-0.00234762,0,-1.65233,-711165
2,0,1.95,-0.00234762,0,-1.64932,-742611
2,0,1.95,-0.00234762,0,-1.64632,-712291
2,0,1.95,-0.00234762,0,-1.64332,-709921
2,0,1.95,-0.00234762,0,-1.64032,-731060
2,0,1.95,-0.00234762,0,-1.63732,-699337
2,0,1.95,-0.00234762,0,-1.63432,-809174
2,0,1.95,-0.00234762,0,-1.63132,-722696
2,0,1.95,-0.00234762,0,-1.62831,-710706
2,0,1.95,-0.00234762,0,-1.62531,-725916
2,0,1.95,-0.00234762,0,-1.62231,-745145
2,0,1.95,-0.00234762,0,-1.61931,-764866
2,0,1.95,-0.00234762,0,-1.61631,-709461
2,0,1.95,-0.00234762,0,-1.61331,-733644
2,0,1.95,-0.00234762,0,-1.61031,-736664
2,0,1.95,-0.00234762,0,-1.6073,-695646
2,0,1.95,-0.00234762,0,-1.6043,-741625
2,0,1.95,-0.00234762,0,-1.6013,-713353
2,0,1.95,-0.00234762,0,-1.5983,-708062
2,0,1.95,-0.00234762,0,-1.5953,-741243
2,0,1.95,-0.00234762,0,-1.5923,-712626
2,0,1.95,-0.00234762,0,-1.58929,-769106
2,0,1.95,-0.00234762,0,-1.58629,-725028
2,0,1.95,-0.00234762,0,-1.58329,-757371
2,0,1.95,-0.00234762,0,-1.58029,-771848
2,0,1.95,-0.00234762,0,-1.57729,-693857
2,0,1.95,-0.00234762,0,-1.57429,-700789
2,0,1.95,-0.00234762,0,-1.57129,-772601
2,0,1.95,-0.00234762,0,-1.56828,-725266
2,0,1.95,-0.00234762,0,-1.56528,-711918
2,0,1.95,-0.00234762,0,-1.56228,-798715
2,0,1.95,-0.00234762,0,-1.55928,-740437
2,0,1.95,-0.00234762,0,-1.55628,-730634
2,0,1.95,-0.00234762,0,-1.55328,-734305
2,0,1.95,-0.00234762,0,-1.55028,-731788
2,0,1.95,-0.00234762,0,-1.54727,-707815
2,0,1.95,-0.00234762,0,-1.54427,-707131
2,0,1.95,-0.00234762,0,-1.54127,-722035
2,0,1.95,-0.00234762,0,-1.53827,-700264
2,0,1.95,-0.00234762,0,-1.53527,-774799
2,0,1.95,-0.00234762,0,-1.53227,-709036
2,0,1.95,-0.00234762,0,-1.52926,-697063
2,0,1.95,-0.00234762,0,-1.52626,-709825
2,0,1.95,-0.00234762,0,-1.52326,-692403
2,0,1.95,-0.00234762,0,-1.52026,-764306
2,0,1.95,-0.00234762,0,-1.51726,-761754
2,0,1.95,-0.00234762,0,-1.51426,-733866
2,0,1.95,-0.00234762,0,-1.51126,-708468
2,0,1.95,-0.00234762,0,-1.50825,-689811
2,0,1.95,-0.00234762,0,-1.50525,-715794
2,0,1.95,-0.00234762,0,-1.50225,-685820
2,0,1.95,-0.00234762,0,-1.49925,-684402
2,0,1.95,-0.00234762,0,-1.49625,-716682
2,0,1.95,-0.00234762,0,-1.49325,-677473
2,0,1.95,-0.00234762,0,-1.49025,-768689
2,0,1.95,-0.00234762,0,-1.48724,-705708
2,0,1.95,-0.00234762,0,-1.48424,-728627
2,0,1.95,-0.00234762,0,-1.48124,-719197
2,0,1.95,-0.00234762,0,-1.47824,-681668
2,0,1.95,-0.00234762,0,-1.47524,-686575
2,0,1.95,-0.00234762,0,-1.47224,-665988
2,0,1.95,-0.00234762,0,-1.46923,-711634
2,0,1.95,-0.00234762,0,-1.46623,-660900
2,0,1.95,-0.00234762,0,-1.46323,-692309
2,0,1.95,-0.00234762,0,-1.46023,-691024
2,0,1.95,-0.00234762,0,-1.45723,-657323
2,0,1.95,-0.00234762,0,-1.45423,-657854
2,0,1.95,-0.00234762,0,-1.45123,-705213
2,0,1.95,-0.00234762,0,-1.44822,-654056
2,0,1.95,-0.00234762,0,-1.44522,-702373
2,0,1.95,-0.00234762,0,-1.44222,-649012
2,0,1.95,-0.00234762,0,-1.43922,-657991
2,0,1.95,-0.00234762,0,-1.43622,-710778
2,0,1.95,-0.00234762,0,-1.43322,-665085
2,0,1.95,-0.00234762,0,-1.43022,-686040
2,0,1.95,-0.00234762,0,-1.42721,-656876
2,0,1.95,-0.00234762,0,-1.42421,-646107
2,0,1.95,-0.00234762,0,-1.42121,-696115
2,0,1.95,-0.00234762,0,-1.41821,-687026
2,0,1.95,-0.00234762,0,-1.41521,-599852
2,0,1.95,-0.00234762,0,-1.41221,-607249
2,0,1.95,-0.00234762,0,-1.4092,-707311
2,0,1.95,-0.00234762,0,-1.4062,-581172
2,0,1.95,-0.00234762,0,-1.4032,-625446
2,0,1.95,-0.00234762,0,-1.4002,-616258
2,0,1.95,-0.00234762,0,-1.3972,-561572
2,0,1.95,-0.00234762,0,-1.3942,-562225
2,0,1.95,-0.00234762,0,-1.3912,-562644
2,0,1.95,-0.00234762,0,-1.38819,-564327
2,0,1.95,-0.00234762,0,-1.38519,-535050
2,0,1.95,-0.00234762,0,-1.38219,-442219
2,0,1.95,-0.00234762,0,-1.37919,494609
2,0,1.95,-0.00234762,0,-1.37619,520296
2,0,1.95,-0.00234762,0,-1.37319,590756
2,0,1.95,-0.00234762,0,-1.37019,602795
2,0,1.95,-0.00234762,0,-1.36718,683675
2,0,1.95,-0.00234762,0,-1.36418,622176
2,0,1.95,-0.00234762,0,-1.36118,658133
2,0,1.95,-0.00234762,0,-1.35818,617903
2,0,1.95,-0.00234762,0,-1.35518,736281
2,0,1.95,-0.00234762,0,-1.35218,670117
2,0,1.95,-0.00234762,0,-1.34917,625507
2,0,1.95,-0.00234762,0,-1.34617,642887
2,0,1.95,-0.00234762,0,-1.34317,624730
2,0,1.95,-0.00234762,0,-1.34017,630642
2,0,1.95,-0.00234762,0,-1.33717,640765
2,0,1.95,-0.00234762,0,-1.33417,675772
2,0,1.95,-0.00234762,0,-1.33117,736955
2,0,1.95,-0.00234762,0,-1.32816,665395
2,0,1.95,-0.00234762,0,-1.32516,675137
2,0,1.95,-0.00234762,0,-1.32216,662062
2,0,1.95,-0.00234762,0,-1.31916,655003
2,0,1.95,-0.00234762,0,-1.31616,703559
2,0,1.95,-0.00234762,0,-1.31316,660656
2,0,1.95,-0.00234762,0,-1.31016,734632
2,0,1.95,-0.00234762,0,-1.30715,751745
2,0,1.95,-0.00234762,0,-1.30415,670607
2,0,1.95,-0.00234762,0,-1.30115,678348
2,0,1.95,-0.00234762,0,-1.29815,760150
2,0,1.95,-0.00234762,0,-1.29515,723685
2,0,1.95,-0.00234762,0,-1.29215,737195
2,0,1.95,-0.00234762,0,-1.28914,726578
2,0,1.95,-0.00234762,0,-1.28614,700641
2,0,1.95,-0.00234762,0,-1.28314,762770
2,0,1.95,-0.00234762,0,-1.28014,731013
2,0,1.95,-0.00234762,0,-1.27714,718708
2,0,1.95,-0.00234762,0,-1.27414,697687
2,0,1.95,-0.00234762,0,-1.27114,719699
2,0,1.95,-0.00234762,0,-1.26813,701010
2,0,1.95,-0.00234762,0,-1.26513,719999
2,0,1.95,-0.00234762,0,-1.26213,731448
2,0,1.95,-0.00234762,0,-1.25913,739490
2,0,1.95,-0.00234762,0,-1.25613,744589
2,0,1.95,-0.00234762,0,-1.25313,720655
2,0,1.95,-0.00234762,0,-1.25013,758497
2,0,1.95,-0.00234762,0,-1.24712,782383
2,0,1.95,-0.00234762,0,-1.24412,739406
2,0,1.95,-0.00234762,0,-1.24112,752822
2,0,1.95,-0.00234762,0,-1.23812,719209
2,0,1.95,-0.00234762,0,-1.23512,723026
2,0,1.95,-0.00234762,0,-1.23212,718350
2,0,1.95,-0.00234762,0,-1.22911,789687
2,0,1.95,-0.00234762,0,-1.22611,799303
2,0,1.95,-0.00234762,0,-1.22311,766881
2,0,1.95,-0.00234762,0,-1.22011,751881
2,0,1.95,-0.00234762,0,-1.21711,754889
2,0,1.95,-0.00234762,0,-1.21411,732927
2,0,1.95,-0.00234762,0,-1.21111,709283
2,0,1.95,-0.00234762,0,-1.2081,769562
2,0,1.95,-0.00234762,0,-1.2051,758179
2,0,1.95,-0.00234762,0,-1.2021,772167
2,0,1.95,-0.00234762,0,-1.1991,707937
2,0,1.95,-0.00234762,0,-1.1961,787454
2,0,1.95,-0.00234762,0,-1.1931,781958
2,0,1.95,-0.00234762,0,-1.1901,776511
2,0,1.95,-0.00234762,0,-1.18709,718834
2,0,1.95,-0.00234762,0,-1.18409,747889
2,0,1.95,-0.00234762,0,-1.18109,749554
2,0,1.95,-0.00234762,0,-1.17809,698452
2,0,1.95,-0.00234762,0,-1.17509,700940
2,0,1.95,-0.00234762,0,-1.17209,697337
2,0,1.95,-0.00234762,0,-1.16908,748875
2,0,1.95,-0.00234762,0,-1.16608,751691
2,0,1.95,-0.00234762,0,-1.16308,693280
2,0,1.95,-0.00234762,0,-1.16008,723446
2,0,1.95,-0.00234762,0,-1.15708,713071
2,0,1.95,-0.00234762,0,-1.15408,700614
2,0,1.95,-0.00234762,0,-1.15108,722145
2,0,1.95,-0.00234762,0,-1.14807,689463
2,0,1.95,-0.00234762,0,-1.14507,679870
2,0,1.95,-0.00234762,0,-1.14207,730929
2,0,1.95,-0.00234762,0,-1.13907,696673
2,0,1.95,-0.00234762,0,-1.13607,730622
2,0,1.95,-0.00234762,0,-1.13307,694149
2,0,1.95,-0.00234762,0,-1.13007,683574
2,0,1.95,-0.00234762,0,-1.12706,714894
2,0,1.95,-0.00234762,0,-1.12406,698047
2,0,1.95,-0.00234762,0,-1.12106,666520
2,0,1.95,-0.00234762,0,-1.11806,748356
2,0,1.95,-0.00234762,0,-1.11506,703752
2,0,1.95,-0.00234762,0,-1.11206,695969
2,0,1.95,-0.00234762,0,-1.10905,668941
2,0,1.95,-0.00234762,0,-1.10605,652461
2,0,1.95,-0.00234762,0,-1.10305,679999
2,0,1.95,-0.00234762,0,-1.10005,711318
2,0,1.95,-0.00234762,0,-1.09705,642055
2,0,1.95,-0.00234762,0,-1.09405,683558
2,0,1.95,-0.00234762,0,-1.09105,656472
2,0,1.95,-0.00234762,0,-1.08804,697090
2,0,1.95,-0.00234762,0,-1.08504,662326
2,0,1.95,-0.00234762,0,-1.08204,622990
2,0,1.95,-0.00234762,0,-1.07904,651642
2,0,1.95,-0.00234762,0,-1.07604,619389
2,0,1.95,-0.00234762,0,-1.07304,634311
2,0,1.95,-0.00234762,0,-1.07004,620393
2,0,1.95,-0.00234762,0,-1.06703,624609
2,0,1.95,-0.00234762,0,-1.06403,714599
2,0,1.95,-0.00234762,0,-1.06103,648049
2,0,1.95,-0.00234762,0,-1.05803,603515
2,0,1.95,-0.00234762,0,-1.05503,588944
2,0,1.95,-0.00234762,0,-1.05203,588461
2,0,1.95,-0.00234762,0,-1.04902,598900
2,0,1.95,-0.00234762,0,-1.04602,601371
2,0,1.95,-0.00234762,0,-1.04302,520733
2,0,1.95,-0.00234762,0,-1.04002,-441306
2,0,1.95,-0.00234762,0,-1.03702,-558200
2,0,1.95,-0.00234762,0,-1.03402,-560371
2,0,1.95,-0.00234762,0,-1.03102,-558021
2,0,1.95,-0.00234762,0,-1.02801,-558581
2,0,1.95,-0.00234762,0,-1.02501,-596570
2,0,1.95,-0.00234762,0,-1.02201,-638898
2,0,1.95,-0.00234762,0,-1.01901,-631204
2,0,1.95,-0.00234762,0,-1.01601,-633980
2,0,1.95,-0.00234762,0,-1.01301,-723687
2,0,1.95,-0.00234762,0,-1.01001,-658430
2,0,1.95,-0.00234762,0,-1.007,-676212
2,0,1.95,-0.00234762,0,-1.004,-665103
2,0,1.95,-0.00234762,0,-1.001,-693361
2,0,1.95,-0.00234762,0,-0.997999,-715598
2,0,1.95,-0.00234762,0,-0.994997,-708153
2,0,1.95,-0.00234762,0,-0.991996,-680868
2,0,1.95,-0.00234762,0,-0.988994,-688114
2,0,1.95,-0.00234762,0,-0.985993,-664820
2,0,1.95,-0.00234762,0,-0.982991,-681962
2,0,1.95,-0.00234762,0,-0.97999,-717586
2,0,1.95,-0.00234762,0,-0.976988,-681077
2,0,1.95,-0.00234762,0,-0.973987,-676547
2,0,1.95,-0.00234762,0,-0.970985,-699254
2,0,1.95,-0.00234762,0,-0.967984,-683082
2,0,1.95,-0.00234762,0,-0.964982,-722763
2,0,1.95,-0.00234762,0,-0.961981,-704641
2,0,1.95,-0.00234762,0,-0.958979,-688458
2,0,1.95,-0.00234762,0,-0.955978,-704679
2,0,1.95,-0.00234762,0,-0.952976,-714439
2,0,1.95,-0.00234762,0,-0.949975,-680871
2,0,1.95,-0.00234762,0,-0.946973,-712547
2,0,1.95,-0.00234762,0,-0.943972,-731778
2,0,1.95,-0.00234762,0,-0.94097,-683725
2,0,1.95,-0.00234762,0,-0.937969,-706552
2,0,1.95,-0.00234762,0,-0.934967,-769289
2,0,1.95,-0.00234762,0,-0.931966,-774775
2,0,1.95,-0.00234762,0,-0.928964,-744932
2,0,1.95,-0.00234762,0,-0.925963,-698285
2,0,1.95,-0.00234762,0,-0.922961,-730656
2,0,1.95,-0.00234762,0,-0.91996,-716082
2,0,1.95,-0.00234762,0,-0.916958,-706902
2,0,1.95,-0.00234762,0,-0.913957,-704542
2,0,1.95,-0.00234762,0,-0.910955,-801224
2,0,1.95,-0.00234762,0,-0.907954,-756336
2,0,1.95,-0.00234762,0,-0.904952,-713896
2,0,1.95,-0.00234762,0,-0.901951,-756504
2,0,1.95,-0.00234762,0,-0.898949,-757544
2,0,1.95,-0.00234762,0,-0.895948,-721556
2,0,1.95,-0.00234762,0,-0.892946,-710433
2,0,1.95,-0.00234762,0,-0.889945,-750255
2,0,1.95,-0.00234762,0,-0.886943,-786610
2,0,1.95,-0.00234762,0,-0.883942,-714089
2,0,1.95,-0.00234762,0,-0.88094,-713079
2,0,1.95,-0.00234762,0,-0.877939,-707861
2,0,1.95,-0.00234762,0,-0.874937,-718966
2,0,1.95,-0.00234762,0,-0.871936,-748696
2,0,1.95,-0.00234762,0,-0.868934,-784167
2,0,1.95,-0.00234762,0,-0.865933,-787245
2,0,1.95,-0.00234762,0,-0.862931,-758409
2,0,1.95,-0.00234762,0,-0.85993,-751168
2,0,1.95,-0.00234762,0,-0.856928,-759406
2,0,1.95,-0.00234762,0,-0.853927,-732141
2,0,1.95,-0.00234762,0,-0.850925,-731234
2,0,1.95,-0.00234762,0,-0.847924,-712149
2,0,1.95,-0.00234762,0,-0.844922,-787966
2,0,1.95,-0.00234762,0,-0.841921,-711046
2,0,1.95,-0.00234762,0,-0.838919,-769376
2,0,1.95,-0.00234762,0,-0.835918,-706499
2,0,1.95,-0.00234762,0,-0.832916,-772208
2,0,1.95,-0.00234762,0,-0.829915,-704811
2,0,1.95,-0.00234762,0,-0.826913,-763066
2,0,1.95,-0.00234762,0,-0.823912,-777061
2,0,1.95,-0.00234762,0,-0.82091,-725811
2,0,1.95,-0.00234762,0,-0.817909,-703702
2,0,1.95,-0.00234762,0,-0.814907,-722981
2,0,1.95,-0.00234762,0,-0.811906,-760184
2,0,1.95,-0.00234762,0,-0.808904,-769138
2,0,1.95,-0.00234762,0,-0.805903,-735366
2,0,1.95,-0.00234762,0,-0.802901,-685946
2,0,1.95,-0.00234762,0,-0.7999,-704576
2,0,1.95,-0.00234762,0,-0.796898,-781129
2,0,1.95,-0.00234762,0,-0.793897,-675219
2,0,1.95,-0.00234762,0,-0.790895,-715048
2,0,1.95,-0.00234762,0,-0.787894,-702411
2,0,1.95,-0.00234762,0,-0.784892,-679320
2,0,1.95,-0.00234762,0,-0.781891,-735311
2,0,1.95,-0.00234762,0,-0.778889,-717160
2,0,1.95,-0.00234762,0,-0.775888,-657543
2,0,1.95,-0.00234762,0,-0.772886,-758267
2,0,1.95,-0.00234762,0,-0.769885,-699213
2,0,1.95,-0.00234762,0,-0.766883,-678131
2,0,1.95,-0.00234762,0,-0.763882,-654647
2,0,1.95,-0.00234762,0,-0.76088,-667999
2,0,1.95,-0.00234762,0,-0.757879,-649632
2,0,1.95,-0.00234762,0,-0.754877,-675797
2,0,1.95,-0.00234762,0,-0.751876,-631999
2,0,1.95,-0.00234762,0,-0.748874,-682159
2,0,1.95,-0.00234762,0,-0.745873,-682272
2,0,1.95,-0.00234762,0,-0.742871,-616387
2,0,1.95,-0.00234762,0,-0.73987,-627653
2,0,1.95,-0.00234762,0,-0.736868,-718952
2,0,1.95,-0.00234762,0,-0.733867,-617873
2,0,1.95,-0.00234762,0,-0.730865,-612440
2,0,1.95,-0.00234762,0,-0.727864,-584190
2,0,1.95,-0.00234762,0,-0.724862,-582772
2,0,1.95,-0.00234762,0,-0.721861,-629224
2,0,1.95,-0.00234762,0,-0.718859,-572419
2,0,1.95,-0.00234762,0,-0.715858,-517330
2,0,1.95,-0.00234762,0,-0.712856,481672
2,0,1.95,-0.00234762,0,-0.709855,565276
2,0,1.95,-0.00234762,0,-0.706853,597933
2,0,1.95,-0.00234762,0,-0.703852,579746
2,0,1.95,-0.00234762,0,-0.70085,658928
2,0,1.95,-0.00234762,0,-0.697849,651419
2,0,1.95,-0.00234762,0,-0.694847,675923
2,0,1.95,-0.00234762,0,-0.691846,678487
2,0,1.95,-0.00234762,0,-0.688844,668991
2,0,1.95,-0.00234762,0,-0.685843,679797
2,0,1.95,-0.00234762,0,-0.682841,680336
2,0,1.95,-0.00234762,0,-0.67984,643136
2,0,1.95,-0.00234762,0,-0.676838,677595
2,0,1.95,-0.00234762,0,-0.673837,639933
2,0,1.95,-0.00234762,0,-0.670835,655696
2,0,1.95,-0.00234762,0,-0.667834,653019
2,0,1.95,-0.00234762,0,-0.664832,684223
2,0,1.95,-0.00234762,0,-0.661831,718023
2,0,1.95,-0.00234762,0,-0.658829,687105
2,0,1.95,-0.00234762,0,-0.655828,668615
2,0,1.95,-0.00234762,0,-0.652826,697610
2,0,1.95,-0.00234762,0,-0.649825,686633
2,0,1.95,-0.00234762,0,-0.646823,704250
2,0,1.95,-0.00234762,0,-0.643822,740794
2,0,1.95,-0.00234762,0,-0.64082,738430
2,0,1.95,-0.00234762,0,-0.637819,733034
2,0,1.95,-0.00234762,0,-0.634817,713731
2,0,1.95,-0.00234762,0,-0.631816,717461
2,0,1.95,-0.00234762,0,-0.628814,683519
2,0,1.95,-0.00234762,0,-0.625813,763661
2,0,1.95,-0.00234762,0,-0.622811,718497
2,0,1.95,-0.00234762,0,-0.61981,732652
2,0,1.95,-0.00234762,0,-0.616808,753651
2,0,1.95,-0.00234762,0,-0.613807,744105
2,0,1.95,-0.00234762,0,-0.610805,718402
2,0,1.95,-0.00234762,0,-0.607804,775149
2,0,1.95,-0.00234762,0,-0.604802,704538
2,0,1.95,-0.00234762,0,-0.601801,741134
2,0,1.95,-0.00234762,0,-0.598799,741585
2,0,1.95,-0.00234762,0,-0.595798,784800
2,0,1.95,-0.00234762,0,-0.592796,728783
2,0,1.95,-0.00234762,0,-0.589795,718003
2,0,1.95,-0.00234762,0,-0.586793,741533
2,0,1.95,-0.00234762,0,-0.583792,737056
2,0,1.95,-0.00234762,0,-0.58079,702959
2,0,1.95,-0.00234762,0,-0.577789,765785
2,0,1.95,-0.00234762,0,-0.574787,747156
2,0,1.95,-0.00234762,0,-0.571786,805481
2,0,1.95,-0.00234762,0,-0.568784,704883
2,0,1.95,-0.00234762,0,-0.565783,789269
2,0,1.95,-0.00234762,0,-0.562781,764588
2,0,1.95,-0.00234762,0,-0.55978,733636
2,0,1.95,-0.00234762,0,-0.556778,776893
2,0,1.95,-0.00234762,0,-0.553777,753327
2,0,1.95,-0.00234762,0,-0.550775,731588
2,0,1.95,-0.00234762,0,-0.547774,743436
2,0,1.95,-0.00234762,0,-0.544772,765397
2,0,1.95,-0.00234762,0,-0.541771,767169
2,0,1.95,-0.00234762,0,-0.538769,752360
2,0,1.95,-0.00234762,0,-0.535768,748686
2,0,1.95,-0.00234762,0,-0.532766,797299
2,0,1.95,-0.00234762,0,-0.529765,766851
2,0,1.95,-0.00234762,0,-0.526763,762919
2,0,1.95,-0.00234762,0,-0.523762,761935
2,0,1.95,-0.00234762,0,-0.52076,740652
2,0,1.95,-0.00234762,0,-0.517759,783886
2,0,1.95,-0.00234762,0,-0.514757,777129
2,0,1.95,-0.00234762,0,-0.511756,721905
2,0,1.95,-0.00234762,0,-0.508754,750067
2,0,1.95,-0.00234762,0,-0.505753,726266
2,0,1.95,-0.00234762,0,-0.502751,768236
2,0,1.95,-0.00234762,0,-0.49975,688993
2,0,1.95,-0.00234762,0,-0.496748,714767
2,0,1.95,-0.00234762,0,-0.493747,717214
2,0,1.95,-0.00234762,0,-0.490745,696834
2,0,1.95,-0.00234762,0,-0.487744,729779
2,0,1.95,-0.00234762,0,-0.484742,731346
2,0,1.95,-0.00234762,0,-0.481741,708804
2,0,1.95,-0.00234762,0,-0.478739,696763
2,0,1.95,-0.00234762,0,-0.475738,674865
2,0,1.95,-0.00234762,0,-0.472736,703222
2,0,1.95,-0.00234762,0,-0.469735,692321
2,0,1.95,-0.00234762,0,-0.466733,679622
2,0,1.95,-0.00234762,0,-0.463732,719523
2,0,1.95,-0.00234762,0,-0.46073,687821
2,0,1.95,-0.00234762,0,-0.457729,672677
2,0,1.95,-0.00234762,0,-0.454727,693881
2,0,1.95,-0.00234762,0,-0.451726,665684
2,0,1.95,-0.00234762,0,-0.448724,655836
2,0,1.95,-0.00234762,0,-0.445723,701720
2,0,1.95,-0.00234762,0,-0.442721,695832
2,0,1.95,-0.00234762,0,-0.43972,641328
2,0,1.95,-0.00234762,0,-0.436718,673034
2,0,1.95,-0.00234762,0,-0.433717,693515
2,0,1.95,-0.00234762,0,-0.430715,684333
2,0,1.95,-0.00234762,0,-0.427714,668700
2,0,1.95,-0.00234762,0,-0.424712,692015
2,0,1.95,-0.00234762,0,-0.421711,584469
2,0,1.95,-0.00234762,0,-0.418709,588996
2,0,1.95,-0.00234762,0,-0.415708,560735
2,0,1.95,-0.00234762,0,-0.412706,590229
2,0,1.95,-0.00234762,0,-0.409705,617996
2,0,1.95,-0.00234762,0,-0.406703,453914
2,0,1.95,-0.00234762,0,-0.403702,-587887
2,0,1.95,-0.00234762,0,-0.4007,-597520
2,0,1.95,-0.00234762,0,-0.397699,-562599
2,0,1.95,-0.00234762,0,-0.394697,-626518
2,0,1.95,-0.00234762,0,-0.391696,-604876
2,0,1.95,-0.00234762,0,-0.388694,-650325
2,0,1.95,-0.00234762,0,-0.385693,-665657
2,0,1.95,-0.00234762,0,-0.382691,-633166
2,0,1.95,-0.00234762,0,-0.37969,-670769
2,0,1.95,-0.00234762,0,-0.376688,-756904
2,0,1.95,-0.00234762,0,-0.373687,-635911
2,0,1.95,-0.00234762,0,-0.370685,-702536
2,0,1.95,-0.00234762,0,-0.367684,-738013
2,0,1.95,-0.00234762,0,-0.364682,-764253
2,0,1.95,-0.00234762,0,-0.361681,-712777
2,0,1.95,-0.00234762,0,-0.358679,-728358
2,0,1.95,-0.00234762,0,-0.355678,-681121
2,0,1.95,-0.00234762,0,-0.352676,-720478
2,0,1.95,-0.00234762,0,-0.349675,-680275
2,0,1.95,-0.00234762,0,-0.346673,-710333
2,0,1.95,-0.00234762,0,-0.343672,-740704
2,0,1.95,-0.00234762,0,-0.34067,-691147
2,0,1.95,-0.00234762,0,-0.337669,-739802
2,0,1.95,-0.00234762,0,-0.334667,-781311
2,0,1.95,-0.00234762,0,-0.331666,-727325
2,0,1.95,-0.00234762,0,-0.328664,-730172
2,0,1.95,-0.00234762,0,-0.325663,-752521
2,0,1.95,-0.00234762,0,-0.322661,-689752
2,0,1.95,-0.00234762,0,-0.31966,-703596
2,0,1.95,-0.00234762,0,-0.316658,-757698
2,0,1.95,-0.00234762,0,-0.313657,-725832
2,0,1.95,-0.00234762,0,-0.310655,-718640
2,0,1.95,-0.00234762,0,-0.307654,-722965
2,0,1.95,-0.00234762,0,-0.304652,-728426
2,0,1.95,-0.00234762,0,-0.301651,-729760
2,0,1.95,-0.00234762,0,-0.298649,-755507
2,0,1.95,-0.00234762,0,-0.295648,-743504
2,0,1.95,-0.00234762,0,-0.292646,-771147
2,0,1.95,-0.00234762,0,-0.289645,-783134
2,0,1.95,-0.00234762,0,-0.286643,-711838
2,0,1.95,-0.00234762,0,-0.283642,-726085
2,0,1.95,-0.00234762,0,-0.28064,-764249
2,0,1.95,-0.00234762,0,-0.277639,-718593
2,0,1.95,-0.00234762,0,-0.274637,-773430
2,0,1.95,-0.00234762,0,-0.271636,-726685
2,0,1.95,-0.00234762,0,-0.268634,-746145
2,0,1.95,-0.00234762,0,-0.265633,-778675
2,0,1.95,-0.00234762,0,-0.262631,-781818
2,0,1.95,-0.00234762,0,-0.25963,-757419
2,0,1.95,-0.00234762,0,-0.256628,-727094
2,0,1.95,-0.00234762,0,-0.253627,-793004
2,0,1.95,-0.00234762,0,-0.250625,-747122
2,0,1.95,-0.00234762,0,-0.247624,-795771
2,0,1.95,-0.00234762,0,-0.244622,-709690
2,0,1.95,-0.00234762,0,-0.241621,-747578
2,0,1.95,-0.00234762,0,-0.238619,-744853
2,0,1.95,-0.00234762,0,-0.235618,-733201
2,0,1.95,-0.00234762,0,-0.232616,-705174
2,0,1.95,-0.00234762,0,-0.229615,-706772
2,0,1.95,-0.00234762,0,-0.226613,-750755
2,0,1.95,-0.00234762,0,-0.223612,-764010
2,0,1.95,-0.00234762,0,-0.22061,-765532
2,0,1.95,-0.00234762,0,-0.217609,-796828
2,0,1.95,-0.00234762,0,-0.214607,-767763
2,0,1.95,-0.00234762,0,-0.211606,-752834
2,0,1.95,-0.00234762,0,-0.208604,-752446
2,0,1.95,-0.00234762,0,-0.205603,-784823
2,0,1.95,-0.00234762,0,-0.202601,-728513
2,0,1.95,-0.00234762,0,-0.1996,-692057
2,0,1.95,-0.00234762,0,-0.196598,-752049
2,0,1.95,-0.00234762,0,-0.193597,-763960
2,0,1.95,-0.00234762,0,-0.190595,-695968
2,0,1.95,-0.00234762,0,-0.187594,-707201
2,0,1.95,-0.00234762,0,-0.184592,-760375
2,0,1.95,-0.00234762,0,-0.181591,-741530
2,0,1.95,-0.00234762,0,-0.178589,-683873
2,0,1.95,-0.00234762,0,-0.175588,-693416
2,0,1.95,-0.00234762,0,-0.172586,-696677
2,0,1.95,-0.00234762,0,-0.169585,-695177
2,0,1.95,-0.00234762,0,-0.166583,-687585
2,0,1.95,-0.00234762,0,-0.163582,-724399
2,0,1.95,-0.00234762,0,-0.16058,-683858
2,0,1.95,-0.00234762,0,-0.157579,-666984
2,0,1.95,-0.00234762,0,-0.154577,-719082
2,0,1.95,-0.00234762,0,-0.151576,-682888
2,0,1.95,-0.00234762,0,-0.148574,-719968
2,0,1.95,-0.00234762,0,-0.145573,-662829
2,0,1.95,-0.00234762,0,-0.142571,-630184
2,0,1.95,-0.00234762,0,-0.13957,-617384
2,0,1.95,-0.00234762,0,-0.136568,-633148
2,0,1.95,-0.00234762,0,-0.133567,-613699
2,0,1.95,-0.00234762,0,-0.130565,-600805
2,0,1.95,-0.00234762,0,-0.127564,-606384
2,0,1.95,-0.00234762,0,-0.124562,-573599
2,0,1.95,-0.00234762,0,-0.121561,-608927
2,0,1.95,-0.00234762,0,-0.118559,-607274
2,0,1.95,-0.00234762,0,-0.115558,-588354
2,0,1.95,-0.00234762,0,-0.112556,601100
2,0,1.95,-0.00234762,0,-0.109555,573488
2,0,1.95,-0.00234762,0,-0.106553,697400
2,0,1.95,-0.00234762,0,-0.103552,648863
2,0,1.95,-0.00234762,0,-0.10055,652062
2,0,1.95,-0.00234762,0,-0.0975488,634611
2,0,1.95,-0.00234762,0,-0.0945473,645205
2,0,1.95,-0.00234762,0,-0.0915458,636114
2,0,1.95,-0.00234762,0,-0.0885443,655122
2,0,1.95,-0.00234762,0,-0.0855428,635607
2,0,1.95,-0.00234762,0,-0.0825413,671091
2,0,1.95,-0.00234762,0,-0.0795398,689958
2,0,1.95,-0.00234762,0,-0.0765383,672272
2,0,1.95,-0.00234762,0,-0.0735368,704537
2,0,1.95,-0.00234762,0,-0.0705353,759817
2,0,1.95,-0.00234762,0,-0.0675338,672950
2,0,1.95,-0.00234762,0,-0.0645323,670587
2,0,1.95,-0.00234762,0,-0.0615308,757447
2,0,1.95,-0.00234762,0,-0.0585293,745328
2,0,1.95,-0.00234762,0,-0.0555278,774684
2,0,1.95,-0.00234762,0,-0.0525263,722559
2,0,1.95,-0.00234762,0,-0.0495248,718923
2,0,1.95,-0.00234762,0,-0.0465233,690844
2,0,1.95,-0.00234762,0,-0.0435218,721389
2,0,1.95,-0.00234762,0,-0.0405203,746652
2,0,1.95,-0.00234762,0,-0.0375188,721296
2,0,1.95,-0.00234762,0,-0.0345173,733288
2,0,1.95,-0.00234762,0,-0.0315158,724801
2,0,1.95,-0.00234762,0,-0.0285143,760750
2,0,1.95,-0.00234762,0,-0.0255128,751686
2,0,1.95,-0.00234762,0,-0.0225113,730227
2,0,1.95,-0.00234762,0,-0.0195098,739933
2,0,1.95,-0.00234762,0,-0.0165083,706344
2,0,1.95,-0.00234762,0,-0.0135068,777290
2,0,1.95,-0.00234762,0,-0.0105053,796517
2,0,1.95,-0.00234762,0,-0.00750375,716720
2,0,1.95,-0.00234762,0,-0.00450225,724870
2,0,1.95,-0.00234762,0,-0.00150075,709104
2,0,1.95,-0.00234762,0,0.00150075,711143
2,0,1.95,-0.00234762,0,0.00450225,735222
2,0,1.95,-0.00234762,0,0.00750375,758007
2,0,1.95,-0.00234762,0,0.0105053,776343
2,0,1.95,-0.00234762,0,0.0135068,796282
2,0,1.95,-0.00234762,0,0.0165083,762519
2,0,1.95,-0.00234762,0,0.0195098,712175
2,0,1.95,-0.00234762,0,0.0225113,714188
2,0,1.95,-0.00234762,0,0.0255128,718917
2,0,1.95,-0.00234762,0,0.0285143,745838
2,0,1.95,-0.00234762,0,0.0315158,829390
2,0,1.95,-0.00234762,0,0.0345173,741422
2,0,1.95,-0.00234762,0,0.0375188,738384
2,0,1.95,-0.00234762,0,0.0405203,719257
2,0,1.95,-0.00234762,0,0.0435218,710796
2,0,1.95,-0.00234762,0,0.0465233,724599
2,0,1.95,-0.00234762,0,0.0495248,732160
2,0,1.95,-0.00234762,0,0.0525263,754642
2,0,1.95,-0.00234762,0,0.0555278,746731
2,0,1.95,-0.00234762,0,0.0585293,796756
2,0,1.95,-0.00234762,0,0.0615308,718995
2,0,1.95,-0.00234762,0,0.0645323,703105
2,0,1.95,-0.00234762,0,0.0675338,702961
2,0,1.95,-0.00234762,0,0.0705353,780931
2,0,1.95,-0.00234762,0,0.0735368,734499
2,0,1.95,-0.00234762,0,0.0765383,738343
2,0,1.95,-0.00234762,0,0.0795398,724869
2,0,1.95,-0.00234762,0,0.0825413,762073
2,0,1.95,-0.00234762,0,0.0855428,768868
2,0,1.95,-0.00234762,0,0.0885443,724661
2,0,1.95,-0.00234762,0,0.0915458,734752
2,0,1.95,-0.00234762,0,0.0945473,686070
2,0,1.95,-0.00234762,0,0.0975488,697612
2,0,1.95,-0.00234762,0,0.10055,787096
2,0,1.95,-0.00234762,0,0.103552,675218
2,0,1.95,-0.00234762,0,0.106553,695463
2,0,1.95,-0.00234762,0,0.109555,750654
2,0,1.95,-0.00234762,0,0.112556,663367
2,0,1.95,-0.00234762,0,0.115558,663462
2,0,1.95,-0.00234762,0,0.118559,694120
2,0,1.95,-0.00234762,0,0.121561,670836
2,0,1.95,-0.00234762,0,0.124562,706010
2,0,1.95,-0.00234762,0,0.127564,647571
2,0,1.95,-0.00234762,0,0.130565,664167
2,0,1.95,-0.00234762,0,0.133567,680957
2,0,1.95,-0.00234762,0,0.136568,674530
2,0,1.95,-0.00234762,0,0.13957,672578
2,0,1.95,-0.00234762,0,0.142571,654944
2,0,1.95,-0.00234762,0,0.145573,618053
2,0,1.95,-0.00234762,0,0.148574,673813
2,0,1.95,-0.00234762,0,0.151576,658312
2,0,1.95,-0.00234762,0,0.154577,546582
2,0,1.95,-0.00234762,0,0.157579,512112
2,0,1.95,-0.00234762,0,0.16058,-591966
2,0,1.95,-0.00234762,0,0.163582,-557322
2,0,1.95,-0.00234762,0,0.166583,-631839
2,0,1.95,-0.00234762,0,0.169585,-633090
2,0,1.95,-0.00234762,0,0.172586,-634352
2,0,1.95,-0.00234762,0,0.175588,-628614
2,0,1.95,-0.00234762,0,0.178589,-613505
2,0,1.95,-0.00234762,0,0.181591,-632550
2,0,1.95,-0.00234762,0,0.184592,-631313
2,0,1.95,-0.00234762,0,0.187594,-660685
2,0,1.95,-0.00234762,0,0.190595,-737325
2,0,1.95,-0.00234762,0,0.193597,-700072
2,0,1.95,-0.00234762,0,0.196598,-667569
2,0,1.95,-0.00234762,0,0.1996,-687129
2,0,1.95,-0.00234762,0,0.202601,-719859
2,0,1.95,-0.00234762,0,0.205603,-699437
2,0,1.95,-0.00234762,0,0.208604,-669071
2,0,1.95,-0.00234762,0,0.211606,-736637
2,0,1.95,-0.00234762,0,0.214607,-752388
2,0,1.95,-0.00234762,0,0.217609,-706457
2,0,1.95,-0.00234762,0,0.22061,-777428
2,0,1.95,-0.00234762,0,0.223612,-775178
2,0,1.95,-0.00234762,0,0.226613,-690344
2,0,1.95,-0.00234762,0,0.229615,-701061
2,0,1.95,-0.00234762,0,0.232616,-738431
2,0,1.95,-0.00234762,0,0.235618,-755181
2,0,1.95,-0.00234762,0,0.238619,-706683
2,0,1.95,-0.00234762,0,0.241621,-732049
2,0,1.95,-0.00234762,0,0.244622,-761740
2,0,1.95,-0.00234762,0,0.247624,-781532
2,0,1.95,-0.00234762,0,0.250625,-704312
2,0,1.95,-0.00234762,0,0.253627,-792731
2,0,1.95,-0.00234762,0,0.256628,-855891
2,0,1.95,-0.00234762,0,0.25963,-712495
2,0,1.95,-0.00234762,0,0.262631,-758917
2,0,1.95,-0.00234762,0,0.265633,-761064
2,0,1.95,-0.00234762,0,0.268634,-765594
2,0,1.95,-0.00234762,0,0.271636,-752468
2,0,1.95,-0.00234762,0,0.274637,-761549
2,0,1.95,-0.00234762,0,0.277639,-762370
2,0,1.95,-0.00234762,0,0.28064,-768196
2,0,1.95,-0.00234762,0,0.283642,-712907
2,0,1.95,-0.00234762,0,0.286643,-769090
2,0,1.95,-0.00234762,0,0.289645,-715484
2,0,1.95,-0.00234762,0,0.292646,-775490
2,0,1.95,-0.00234762,0,0.295648,-737164
2,0,1.95,-0.00234762,0,0.298649,-840723
2,0,1.95,-0.00234762,0,0.301651,-756192
2,0,1.95,-0.00234762,0,0.304652,-770524
2,0,1.95,-0.00234762,0,0.307654,-731919
2,0,1.95,-0.00234762,0,0.310655,-711653
2,0,1.95,-0.00234762,0,0.313657,-743801
2,0,1.95,-0.00234762,0,0.316658,-790780
2,0,1.95,-0.00234762,0,0.31966,-790517
2,0,1.95,-0.00234762,0,0.322661,-784899
2,0,1.95,-0.00234762,0,0.325663,-808835
2,0,1.95,-0.00234762,0,0.328664,-729733
2,0,1.95,-0.00234762,0,0.331666,-701195
2,0,1.95,-0.00234762,0,0.334667,-736642
2,0,1.95,-0.00234762,0,0.337669,-717266
2,0,1.95,-0.00234762,0,0.34067,-776121
2,0,1.95,-0.00234762,0,0.343672,-723243
2,0,1.95,-0.00234762,0,0.346673,-721183
2,0,1.95,-0.00234762,0,0.349675,-715154
2,0,1.95,-0.00234762,0,0.352676,-767139
2,0,1.95,-0.00234762,0,0.355678,-746416
2,0,1.95,-0.00234762,0,0.358679,-678751
2,0,1.95,-0.00234762,0,0.361681,-728680
2,0,1.95,-0.00234762,0,0.364682,-796964
2,0,1.95,-0.00234762,0,0.367684,-682570
2,0,1.95,-0.00234762,0,0.370685,-681712
2,0,1.95,-0.00234762,0,0.373687,-671508
2,0,1.95,-0.00234762,0,0.376688,-704287
2,0,1.95,-0.00234762,0,0.37969,-650560
2,0,1.95,-0.00234762,0,0.382691,-660007
2,0,1.95,-0.00234762,0,0.385693,-693702
2,0,1.95,-0.00234762,0,0.388694,-651895
2,0,1.95,-0.00234762,0,0.391696,-687808
2,0,1.95,-0.00234762,0,0.394697,-658222
2,0,1.95,-0.00234762,0,0.397699,-632126
2,0,1.95,-0.00234762,0,0.4007,-654835
2,0,1.95,-0.00234762,0,0.403702,-637093
2,0,1.95,-0.00234762,0,0.406703,-596866
2,0,1.95,-0.00234762,0,0.409705,-541241
2,0,1.95,-0.00234762,0,0.412706,480708
2,0,1.95,-0.00234762,0,0.415708,537790
2,0,1.95,-0.00234762,0,0.418709,641049
2,0,1.95,-0.00234762,0,0.421711,637626
2,0,1.95,-0.00234762,0,0.424712,645698
2,0,1.95,-0.00234762,0,0.427714,622098
2,0,1.95,-0.00234762,0,0.430715,686425
2,0,1.95,-0.00234762,0,0.433717,731405
2,0,1.95,-0.00234762,0,0.436718,669983
2,0,1.95,-0.00234762,0,0.43972,665374
2,0,1.95,-0.00234762,0,0.442721,722994
2,0,1.95,-0.00234762,0,0.445723,706491
2,0,1.95,-0.00234762,0,0.448724,714821
2,0,1.95,-0.00234762,0,0.451726,736300
2,0,1.95,-0.00234762,0,0.454727,747816
2,0,1.95,-0.00234762,0,0.457729,751394
2,0,1.95,-0.00234762,0,0.46073,728742
2,0,1.95,-0.00234762,0,0.463732,701914
2,0,1.95,-0.00234762,0,0.466733,717444
2,0,1.95,-0.00234762,0,0.469735,762895
2,0,1.95,-0.00234762,0,0.472736,695700
2,0,1.95,-0.00234762,0,0.475738,731009
2,0,1.95,-0.00234762,0,0.478739,742635
2,0,1.95,-0.00234762,0,0.481741,831725
2,0,1.95,-0.00234762,0,0.484742,707762
2,0,1.95,-0.00234762,0,0.487744,745231
2,0,1.95,-0.00234762,0,0.490745,709775
2,0,1.95,-0.00234762,0,0.493747,739760
2,0,1.95,-0.00234762,0,0.496748,750144
2,0,1.95,-0.00234762,0,0.49975,742221
2,0,1.95,-0.00234762,0,0.502751,733050
2,0,1.95,-0.00234762,0,0.505753,778529
2,0,1.95,-0.00234762,0,0.508754,757985
2,0,1.95,-0.00234762,0,0.511756,715123
2,0,1.95,-0.00234762,0,0.514757,746637
2,0,1.95,-0.00234762,0,0.517759,757520
2,0,1.95,-0.00234762,0,0.52076,772748
2,0,1.95,-0.00234762,0,0.523762,719681
2,0,1.95,-0.00234762,0,0.526763,767125
2,0,1.95,-0.00234762,0,0.529765,725243
2,0,1.95,-0.00234762,0,0.532766,736877
2,0,1.95,-0.00234762,0,0.535768,719567
2,0,1.95,-0.00234762,0,0.538769,730078
2,0,1.95,-0.00234762,0,0.541771,748605
2,0,1.95,-0.00234762,0,0.544772,741727
2,0,1.95,-0.00234762,0,0.547774,751934
2,0,1.95,-0.00234762,0,0.550775,798142
2,0,1.95,-0.00234762,0,0.553777,747563
2,0,1.95,-0.00234762,0,0.556778,720738
2,0,1.95,-0.00234762,0,0.55978,719676
2,0,1.95,-0.00234762,0,0.562781,742219
2,0,1.95,-0.00234762,0,0.565783,763592
2,0,1.95,-0.00234762,0,0.568784,768686
2,0,1.95,-0.00234762,0,0.571786,715899
2,0,1.95,-0.00234762,0,0.574787,717638
2,0,1.95,-0.00234762,0,0.577789,742413
2,0,1.95,-0.00234762,0,0.58079,735442
2,0,1.95,-0.00234762,0,0.583792,790503
2,0,1.95,-0.00234762,0,0.586793,707519
2,0,1.95,-0.00234762,0,0.589795,715066
2,0,1.95,-0.00234762,0,0.592796,701815
2,0,1.95,-0.00234762,0,0.595798,686957
2,0,1.95,-0.00234762,0,0.598799,683532
2,0,1.95,-0.00234762,0,0.601801,678872
2,0,1.95,-0.00234762,0,0.604802,695085
2,0,1.95,-0.00234762,0,0.607804,731120
2,0,1.95,-0.00234762,0,0.610805,707487
2,0,1.95,-0.00234762,0,0.613807,680863
2,0,1.95,-0.00234762,0,0.616808,700226
2,0,1.95,-0.00234762,0,0.61981,682658
2,0,1.95,-0.00234762,0,0.622811,743290
2,0,1.95,-0.00234762,0,0.625813,641650
2,0,1.95,-0.00234762,0,0.628814,664342
2,0,1.95,-0.00234762,0,0.631816,645453
2,0,1.95,-0.00234762,0,0.634817,650374
2,0,1.95,-0.00234762,0,0.637819,615580
2,0,1.95,-0.00234762,0,0.64082,560933
2,0,1.95,-0.00234762,0,0.643822,524484
2,0,1.95,-0.00234762,0,0.646823,-536407
2,0,1.95,-0.00234762,0,0.649825,-563383
2,0,1.95,-0.00234762,0,0.652826,-585313
2,0,1.95,-0.00234762,0,0.655828,-595082
2,0,1.95,-0.00234762,0,0.658829,-637503
2,0,1.95,-0.00234762,0,0.661831,-744585
2,0,1.95,-0.00234762,0,0.664832,-732568
2,0,1.95,-0.00234762,0,0.667834,-674649
2,0,1.95,-0.00234762,0,0.670835,-673195
2,0,1.95,-0.00234762,0,0.673837,-673651
2,0,1.95,-0.00234762,0,0.676838,-685376
2,0,1.95,-0.00234762,0,0.67984,-748675
2,0,1.95,-0.00234762,0,0.682841,-696205
2,0,1.95,-0.00234762,0,0.685843,-717484
2,0,1.95,-0.00234762,0,0.688844,-724502
2,0,1.95,-0.00234762,0,0.691846,-688216
2,0,1.95,-0.00234762,0,0.694847,-728059
2,0,1.95,-0.00234762,0,0.697849,-762581
2,0,1.95,-0.00234762,0,0.70085,-709664
2,0,1.95,-0.00234762,0,0.703852,-706312
2,0,1.95,-0.00234762,0,0.706853,-784796
2,0,1.95,-0.00234762,0,0.709855,-704322
2,0,1.95,-0.00234762,0,0.712856,-798383
2,0,1.95,-0.00234762,0,0.715858,-719559
2,0,1.95,-0.00234762,0,0.718859,-752195
2,0,1.95,-0.00234762,0,0.721861,-802252
2,0,1.95,-0.00234762,0,0.724862,-780598
2,0,1.95,-0.00234762,0,0.727864,-754518
2,0,1.95,-0.00234762,0,0.730865,-752111
2,0,1.95,-0.00234762,0,0.733867,-747304
2,0,1.95,-0.00234762,0,0.736868,-804281
2,0,1.95,-0.00234762,0,0.73987,-811036
2,0,1.95,-0.00234762,0,0.742871,-816399
2,0,1.95,-0.00234762,0,0.745873,-798341
2,0,1.95,-0.00234762,0,0.748874,-730822
2,0,1.95,-0.00234762,0,0.751876,-769996
2,0,1.95,-0.00234762,0,0.754877,-744592
2,0,1.95,-0.00234762,0,0.757879,-844753
2,0,1.95,-0.00234762,0,0.76088,-731436
2,0,1.95,-0.00234762,0,0.763882,-822367
2,0,1.95,-0.00234762,0,0.766883,-810290
2,0,1.95,-0.00234762,0,0.769885,-754719
2,0,1.95,-0.00234762,0,0.772886,-758507
2,0,1.95,-0.00234762,0,0.775888,-774504
2,0,1.95,-0.00234762,0,0.778889,-833905
2,0,1.95,-0.00234762,0,0.781891,-818775
2,0,1.95,-0.00234762,0,0.784892,-791990
2,0,1.95,-0.00234762,0,0.787894,-787491
2,0,1.95,-0.00234762,0,0.790895,-740208
2,0,1.95,-0.00234762,0,0.793897,-788602
2,0,1.95,-0.00234762,0,0.796898,-725011
2,0,1.95,-0.00234762,0,0.7999,-714509
2,0,1.95,-0.00234762,0,0.802901,-711925
2,0,1.95,-0.00234762,0,0.805903,-710924
2,0,1.95,-0.00234762,0,0.808904,-731720
2,0,1.95,-0.00234762,0,0.811906,-721742
2,0,1.95,-0.00234762,0,0.814907,-724253
2,0,1.95,-0.00234762,0,0.817909,-796072
2,0,1.95,-0.00234762,0,0.82091,-737886
2,0,1.95,-0.00234762,0,0.823912,-685332
2,0,1.95,-0.00234762,0,0.826913,-725047
2,0,1.95,-0.00234762,0,0.829915,-684103
2,0,1.95,-0.00234762,0,0.832916,-735952
2,0,1.95,-0.00234762,0,0.835918,-758818
2,0,1.95,-0.00234762,0,0.838919,-711788
2,0,1.95,-0.00234762,0,0.841921,-714115
2,0,1.95,-0.00234762,0,0.844922,-733312
2,0,1.95,-0.00234762,0,0.847924,-706512
2,0,1.95,-0.00234762,0,0.850925,-671795
2,0,1.95,-0.00234762,0,0.853927,-648726
2,0,1.95,-0.00234762,0,0.856928,-626121
2,0,1.95,-0.00234762,0,0.85993,-552151
2,0,1.95,-0.00234762,0,0.862931,484798
2,0,1.95,-0.00234762,0,0.865933,595123
2,0,1.95,-0.00234762,0,0.868934,651521
2,0,1.95,-0.00234762,0,0.871936,629655
2,0,1.95,-0.00234762,0,0.874937,676627
2,0,1.95,-0.00234762,0,0.877939,711662
2,0,1.95,-0.00234762,0,0.88094,747100
2,0,1.95,-0.00234762,0,0.883942,701178
2,0,1.95,-0.00234762,0,0.886943,699985
2,0,1.95,-0.00234762,0,0.889945,711589
2,0,1.95,-0.00234762,0,0.892946,689122
2,0,1.95,-0.00234762,0,0.895948,727691
2,0,1.95,-0.00234762,0,0.898949,751315
2,0,1.95,-0.00234762,0,0.901951,732285
2,0,1.95,-0.00234762,0,0.904952,785686
2,0,1.95,-0.00234762,0,0.907954,723580
2,0,1.95,-0.00234762,0,0.910955,797896
2,0,1.95,-0.00234762,0,0.913957,748268
2,0,1.95,-0.00234762,0,0.916958,729261
2,0,1.95,-0.00234762,0,0.91996,717510
2,0,1.95,-0.00234762,0,0.922961,802512
2,0,1.95,-0.00234762,0,0.925963,826934
2,0,1.95,-0.00234762,0,0.928964,841549
2,0,1.95,-0.00234762,0,0.931966,733164
2,0,1.95,-0.00234762,0,0.934967,730125
2,0,1.95,-0.00234762,0,0.937969,761948
2,0,1.95,-0.00234762,0,0.94097,771654
2,0,1.95,-0.00234762,0,0.943972,751539
2,0,1.95,-0.00234762,0,0.946973,730749
2,0,1.95,-0.00234762,0,0.949975,785582
2,0,1.95,-0.00234762,0,0.952976,806022
2,0,1.95,-0.00234762,0,0.955978,779427
2,0,1.95,-0.00234762,0,0.958979,759278
2,0,1.95,-0.00234762,0,0.961981,837594
2,0,1.95,-0.00234762,0,0.964982,856662
2,0,1.95,-0.00234762,0,0.967984,762504
2,0,1.95,-0.00234762,0,0.970985,752967
2,0,1.95,-0.00234762,0,0.973987,782501
2,0,1.95,-0.00234762,0,0.976988,754896
2,0,1.95,-0.00234762,0,0.97999,931528
2,0,1.95,-0.00234762,0,0.982991,748346
2,0,1.95,-0.00234762,0,0.985993,818080
2,0,1.95,-0.00234762,0,0.988994,730159
2,0,1.95,-0.00234762,0,0.991996,761910
2,0,1.95,-0.00234762,0,0.994997,754625
2,0,1.95,-0.00234762,0,0.997999,739614
2,0,1.95,-0.00234762,0,1.001,836247
2,0,1.95,-0.00234762,0,1.004,796597
2,0,1.95,-0.00234762,0,1.007,725903
2,0,1.95,-0.00234762,0,1.01001,775098
2,0,1.95,-0.00234762,0,1.01301,742887
2,0,1.95,-0.00234762,0,1.01601,786312
2,0,1.95,-0.00234762,0,1.01901,722746
2,0,1.95,-0.00234762,0,1.02201,757307
2,0,1.95,-0.00234762,0,1.02501,740095
2,0,1.95,-0.00234762,0,1.02801,725876
2,0,1.95,-0.00234762,0,1.03102,723014
2,0,1.95,-0.00234762,0,1.03402,760229
2,0,1.95,-0.00234762,0,1.03702,747512
2,0,1.95,-0.00234762,0,1.04002,693745
2,0,1.95,-0.00234762,0,1.04302,665908
2,0,1.95,-0.00234762,0,1.04602,723135
2,0,1.95,-0.00234762,0,1.04902,707742
2,0,1.95,-0.00234762,0,1.05203,665348
2,0,1.95,-0.00234762,0,1.05503,659101
2,0,1.95,-0.00234762,0,1.05803,582711
2,0,1.95,-0.00234762,0,1.06103,591917
2,0,1.95,-0.00234762,0,1.06403,-548383
2,0,1.95,-0.00234762,0,1.06703,-576273
2,0,1.95,-0.00234762,0,1.07004,-669937
2,0,1.95,-0.00234762,0,1.07304,-619688
2,0,1.95,-0.00234762,0,1.07604,-681142
2,0,1.95,-0.00234762,0,1.07904,-663107
2,0,1.95,-0.00234762,0,1.08204,-667097
2,0,1.95,-0.00234762,0,1.08504,-739769
2,0,1.95,-0.00234762,0,1.08804,-745914
2,0,1.95,-0.00234762,0,1.09105,-717181
2,0,1.95,-0.00234762,0,1.09405,-691679
2,0,1.95,-0.00234762,0,1.09705,-746531
2,0,1.95,-0.00234762,0,1.10005,-713187
2,0,1.95,-0.00234762,0,1.10305,-711997
2,0,1.95,-0.00234762,0,1.10605,-796539
2,0,1.95,-0.00234762,0,1.10905,-775335
2,0,1.95,-0.00234762,0,1.11206,-769229
2,0,1.95,-0.00234762,0,1.11506,-801737
2,0,1.95,-0.00234762,0,1.11806,-798469
2,0,1.95,-0.00234762,0,1.12106,-798368
2,0,1.95,-0.00234762,0,1.12406,-786952
2,0,1.95,-0.00234762,0,1.12706,-772945
2,0,1.95,-0.00234762,0,1.13007,-799471
2,0,1.95,-0.00234762,0,1.13307,-771877
2,0,1.95,-0.00234762,0,1.13607,-778570
2,0,1.95,-0.00234762,0,1.13907,-817501
2,0,1.95,-0.00234762,0,1.14207,-758435
2,0,1.95,-0.00234762,0,1.14507,-798068
2,0,1.95,-0.00234762,0,1.14807,-803987
2,0,1.95,-0.00234762,0,1.15108,-848084
2,0,1.95,-0.00234762,0,1.15408,-853175
2,0,1.95,-0.00234762,0,1.15708,-774031
2,0,1.95,-0.00234762,0,1.16008,-777049
2,0,1.95,-0.00234762,0,1.16308,-832161
2,0,1.95,-0.00234762,0,1.16608,-763650
2,0,1.95,-0.00234762,0,1.16908,-875643
2,0,1.95,-0.00234762,0,1.17209,-812752
2,0,1.95,-0.00234762,0,1.17509,-753266
2,0,1.95,-0.00234762,0,1.17809,-854811
2,0,1.95,-0.00234762,0,1.18109,-803218
2,0,1.95,-0.00234762,0,1.18409,-863604
2,0,1.95,-0.00234762,0,1.18709,-744872
2,0,1.95,-0.00234762,0,1.1901,-844828
2,0,1.95,-0.00234762,0,1.1931,-762657
2,0,1.95,-0.00234762,0,1.1961,-749752
2,0,1.95,-0.00234762,0,1.1991,-795686
2,0,1.95,-0.00234762,0,1.2021,-797422
2,0,1.95,-0.00234762,0,1.2051,-761415
2,0,1.95,-0.00234762,0,1.2081,-733985
2,0,1.95,-0.00234762,0,1.21111,-745538
2,0,1.95,-0.00234762,0,1.21411,-727633
2,0,1.95,-0.00234762,0,1.21711,-741353
2,0,1.95,-0.00234762,0,1.22011,-721373
2,0,1.95,-0.00234762,0,1.22311,-813615
2,0,1.95,-0.00234762,0,1.22611,-728941
2,0,1.95,-0.00234762,0,1.22911,-699989
2,0,1.95,-0.00234762,0,1.23212,-765073
2,0,1.95,-0.00234762,0,1.23512,-718945
2,0,1.95,-0.00234762,0,1.23812,-688304
2,0,1.95,-0.00234762,0,1.24112,-629486
2,0,1.95,-0.00234762,0,1.24412,-685767
2,0,1.95,-0.00234762,0,1.24712,-715827
2,0,1.95,-0.00234762,0,1.25013,-574355
2,0,1.95,-0.00234762,0,1.25313,621376
2,0,1.95,-0.00234762,0,1.25613,613215
2,0,1.95,-0.00234762,0,1.25913,706077
2,0,1.95,-0.00234762,0,1.26213,711055
2,0,1.95,-0.00234762,0,1.26513,730447
2,0,1.95,-0.00234762,0,1.26813,671619
2,0,1.95,-0.00234762,0,1.27114,777030
2,0,1.95,-0.00234762,0,1.27414,736955
2,0,1.95,-0.00234762,0,1.27714,705056
2,0,1.95,-0.00234762,0,1.28014,814675
2,0,1.95,-0.00234762,0,1.28314,736591
2,0,1.95,-0.00234762,0,1.28614,759549
2,0,1.95,-0.00234762,0,1.28914,873458
2,0,1.95,-0.00234762,0,1.29215,768075
2,0,1.95,-0.00234762,0,1.29515,832001
2,0,1.95,-0.00234762,0,1.29815,853263
2,0,1.95,-0.00234762,0,1.30115,774939
2,0,1.95,-0.00234762,0,1.30415,813363
2,0,1.95,-0.00234762,0,1.30715,914037
2,0,1.95,-0.00234762,0,1.31016,769807
2,0,1.95,-0.00234762,0,1.31316,834113
2,0,1.95,-0.00234762,0,1.31616,763927
2,0,1.95,-0.00234762,0,1.31916,802503
2,0,1.95,-0.00234762,0,1.32216,802473
2,0,1.95,-0.00234762,0,1.32516,801702
2,0,1.95,-0.00234762,0,1.32816,771093
2,0,1.95,-0.00234762,0,1.33117,769041
2,0,1.95,-0.00234762,0,1.33417,839808
2,0,1.95,-0.00234762,0,1.33717,855180
2,0,1.95,-0.00234762,0,1.34017,813807
2,0,1.95,-0.00234762,0,1.34317,765377
2,0,1.95,-0.00234762,0,1.34617,855011
2,0,1.95,-0.00234762,0,1.34917,774768
2,0,1.95,-0.00234762,0,1.35218,854373
2,0,1.95,-0.00234762,0,1.35518,782048
2,0,1.95,-0.00234762,0,1.35818,808397
2,0,1.95,-0.00234762,0,1.36118,775304
2,0,1.95,-0.00234762,0,1.36418,794035
2,0,1.95,-0.00234762,0,1.36718,769198
2,0,1.95,-0.00234762,0,1.37019,790119
2,0,1.95,-0.00234762,0,1.37319,792708
2,0,1.95,-0.00234762,0,1.37619,805098
2,0,1.95,-0.00234762,0,1.37919,745272
2,0,1.95,-0.00234762,0,1.38219,873190
2,0,1.95,-0.00234762,0,1.38519,763275
2,0,1.95,-0.00234762,0,1.38819,745407
2,0,1.95,-0.00234762,0,1.3912,821462
2,0,1.95,-0.00234762,0,1.3942,775838
2,0,1.95,-0.00234762,0,1.3972,748134
2,0,1.95,-0.00234762,0,1.4002,797745
2,0,1.95,-0.00234762,0,1.4032,741814
2,0,1.95,-0.00234762,0,1.4062,745360
2,0,1.95,-0.00234762,0,1.4092,689089
2,0,1.95,-0.00234762,0,1.41221,735760
2,0,1.95,-0.00234762,0,1.41521,703412
2,0,1.95,-0.00234762,0,1.41821,712766
2,0,1.95,-0.00234762,0,1.42121,691372
2,0,1.95,-0.00234762,0,1.42421,630100
2,0,1.95,-0.00234762,0,1.42721,573440
2,0,1.95,-0.00234762,0,1.43022,-618768
2,0,1.95,-0.00234762,0,1.43322,-634853
2,0,1.95,-0.00234762,0,1.43622,-642023
2,0,1.95,-0.00234762,0,1.43922,-668882
2,0,1.95,-0.00234762,0,1.44222,-707544
2,0,1.95,-0.00234762,0,1.44522,-730159
2,0,1.95,-0.00234762,0,1.44822,-690586
2,0,1.95,-0.00234762,0,1.45123,-787636
2,0,1.95,-0.00234762,0,1.45423,-706572
2,0,1.95,-0.00234762,0,1.45723,-752281
2,0,1.95,-0.00234762,0,1.46023,-781036
2,0,1.95,-0.00234762,0,1.46323,-760439
2,0,1.95,-0.00234762,0,1.46623,-784501
2,0,1.95,-0.00234762,0,1.46923,-805027
2,0,1.95,-0.00234762,0,1.47224,-831635
2,0,1.95,-0.00234762,0,1.47524,-748010
2,0,1.95,-0.00234762,0,1.47824,-749615
2,0,1.95,-0.00234762,0,1.48124,-768823
2,0,1.95,-0.00234762,0,1.48424,-752359
2,0,1.95,-0.00234762,0,1.48724,-842380
2,0,1.95,-0.00234762,0,1.49025,-834328
2,0,1.95,-0.00234762,0,1.49325,-791148
2,0,1.95,-0.00234762,0,1.49625,-759685
2,0,1.95,-0.00234762,0,1.49925,-755617
2,0,1.95,-0.00234762,0,1.50225,-769820
2,0,1.95,-0.00234762,0,1.50525,-824214
2,0,1.95,-0.00234762,0,1.50825,-752603
2,0,1.95,-0.00234762,0,1.51126,-753240
2,0,1.95,-0.00234762,0,1.51426,-859912
2,0,1.95,-0.00234762,0,1.51726,-825738
2,0,1.95,-0.00234762,0,1.52026,-791691
2,0,1.95,-0.00234762,0,1.52326,-772040
2,0,1.95,-0.00234762,0,1.52626,-775613
2,0,1.95,-0.00234762,0,1.52926,-861181
2,0,1.95,-0.00234762,0,1.53227,-741748
2,0,1.95,-0.00234762,0,1.53527,-762196
2,0,1.95,-0.00234762,0,1.53827,-821930
2,0,1.95,-0.00234762,0,1.54127,-755601
2,0,1.95,-0.00234762,0,1.54427,-825794
2,0,1.95,-0.00234762,0,1.54727,-833463
2,0,1.95,-0.00234762,0,1.55028,-850582
2,0,1.95,-0.00234762,0,1.55328,-711951
2,0,1.95,-0.00234762,0,1.55628,-734085
2,0,1.95,-0.00234762,0,1.55928,-726864
2,0,1.95,-0.00234762,0,1.56228,-681609
2,0,1.95,-0.00234762,0,1.56528,-681435
2,0,1.95,-0.00234762,0,1.56828,-703062
2,0,1.95,-0.00234762,0,1.57129,-686077
2,0,1.95,-0.00234762,0,1.57429,-641590
2,0,1.95,-0.00234762,0,1.57729,-611501
2,0,1.95,-0.00234762,0,1.58029,500835
2,0,1.95,-0.00234762,0,1.58329,572732
2,0,1.95,-0.00234762,0,1.58629,760047
2,0,1.95,-0.00234762,0,1.58929,688014
2,0,1.95,-0.00234762,0,1.5923,691923
2,0,1.95,-0.00234762,0,1.5953,731391
2,0,1.95,-0.00234762,0,1.5983,718248
2,0,1.95,-0.00234762,0,1.6013,783684
2,0,1.95,-0.00234762,0,1.6043,742348
2,0,1.95,-0.00234762,0,1.6073,727419
2,0,1.95,-0.00234762,0,1.61031,740719
2,0,1.95,-0.00234762,0,1.61331,783945
2,0,1.95,-0.00234762,0,1.61631,779331
2,0,1.95,-0.00234762,0,1.61931,752551
2,0,1.95,-0.00234762,0,1.62231,751692
2,0,1.95,-0.00234762,0,1.62531,756577
2,0,1.95,-0.00234762,0,1.62831,743276
2,0,1.95,-0.00234762,0,1.63132,727250
2,0,1.95,-0.00234762,0,1.63432,732652
2,0,1.95,-0.00234762,0,1.63732,750189
2,0,1.95,-0.00234762,0,1.64032,755283
2,0,1.95,-0.00234762,0,1.64332,744968
2,0,1.95,-0.00234762,0,1.64632,724746
2,0,1.95,-0.00234762,0,1.64932,737136
2,0,1.95,-0.00234762,0,1.65233,750263
2,0,1.95,-0.00234762,0,1.65533,768457
2,0,1.95,-0.00234762,0,1.65833,759471
2,0,1.95,-0.00234762,0,1.66133,737733
2,0,1.95,-0.00234762,0,1.66433,784683
2,0,1.95,-0.00234762,0,1.66733,770162
2,0,1.95,-0.00234762,0,1.67034,785165
2,0,1.95,-0.00234762,0,1.67334,775256
2,0,1.95,-0.00234762,0,1.67634,679268
2,0,1.95,-0.00234762,0,1.67934,738169
2,0,1.95,-0.00234762,0,1.68234,653176
2,0,1.95,-0.00234762,0,1.68534,627974
2,0,1.95,-0.00234762,0,1.68834,606522
2,0,1.95,-0.00234762,0,1.69135,546022
2,0,1.95,-0.00234762,0,1.69435,-589015
2,0,1.95,-0.00234762,0,1.69735,-614046
2,0,1.95,-0.00234762,0,1.70035,-654720
2,0,1.95,-0.00234762,0,1.70335,-683929
2,0,1.95,-0.00234762,0,1.70635,-738675
2,0,1.95,-0.00234762,0,1.70935,-683407
2,0,1.95,-0.00234762,0,1.71236,-679275
2,0,1.95,-0.00234762,0,1.71536,-801454
2,0,1.95,-0.00234762,0,1.71836,-682666
2,0,1.95,-0.00234762,0,1.72136,-757801
2,0,1.95,-0.00234762,0,1.72436,-782774
2,0,1.95,-0.00234762,0,1.72736,-763010
2,0,1.95,-0.00234762,0,1.73037,-718540
2,0,1.95,-0.00234762,0,1.73337,-755267
2,0,1.95,-0.00234762,0,1.73637,-781995
2,0,1.95,-0.00234762,0,1.73937,-718644
2,0,1.95,-0.00234762,0,1.74237,-727915
2,0,1.95,-0.00234762,0,1.74537,-721943
2,0,1.95,-0.00234762,0,1.74837,-726746
2,0,1.95,-0.00234762,0,1.75138,-711954
2,0,1.95,-0.00234762,0,1.75438,-766994
2,0,1.95,-0.00234762,0,1.75738,-735683
2,0,1.95,-0.00234762,0,1.76038,-686719
2,0,1.95,-0.00234762,0,1.76338,-724035
2,0,1.95,-0.00234762,0,1.76638,-680360
2,0,1.95,-0.00234762,0,1.76938,-650301
2,0,1.95,-0.00234762,0,1.77239,-614167
2,0,1.95,-0.00234762,0,1.77539,-606876
2,0,1.95,-0.00234762,0,1.77839,-548848
2,0,1.95,-0.00234762,0,1.78139,580594
2,0,1.95,-0.00234762,0,1.78439,644325
2,0,1.95,-0.00234762,0,1.78739,688004
2,0,1.95,-0.00234762,0,1.7904,662410
2,0,1.95,-0.00234762,0,1.7934,690898
2,0,1.95,-0.00234762,0,1.7964,686818
2,0,1.95,-0.00234762,0,1.7994,725208
2,0,1.95,-0.00234762,0,1.8024,742371
2,0,1.95,-0.00234762,0,1.8054,751272
2,0,1.95,-0.00234762,0,1.8084,703309
2,0,1.95,-0.00234762,0,1.81141,718657
2,0,1.95,-0.00234762,0,1.81441,747504
2,0,1.95,-0.00234762,0,1.81741,687833
2,0,1.95,-0.00234762,0,1.82041,777104
2,0,1.95,-0.00234762,0,1.82341,760945
2,0,1.95,-0.00234762,0,1.82641,703249
2,0,1.95,-0.00234762,0,1.82941,687071
2,0,1.95,-0.00234762,0,1.83242,675196
2,0,1.95,-0.00234762,0,1.83542,687122
2,0,1.95,-0.00234762,0,1.83842,657371
2,0,1.95,-0.00234762,0,1.84142,602284
2,0,1.95,-0.00234762,0,1.84442,606589
2,0,1.95,-0.00234762,0,1.84742,-632685
2,0,1.95,-0.00234762,0,1.85043,-621316
2,0,1.95,-0.00234762,0,1.85343,-702129
2,0,1.95,-0.00234762,0,1.85643,-688767
2,0,1.95,-0.00234762,0,1.85943,-682540
2,0,1.95,-0.00234762,0,1.86243,-712947
2,0,1.95,-0.00234762,0,1.86543,-700847
2,0,1.95,-0.00234762,0,1.86843,-730884
2,0,1.95,-0.00234762,0,1.87144,-762151
2,0,1.95,-0.00234762,0,1.87444,-717508
2,0,1.95,-0.00234762,0,1.87744,-774597
2,0,1.95,-0.00234762,0,1.88044,-728404
2,0,1.95,-0.00234762,0,1.88344,-799648
2,0,1.95,-0.00234762,0,1.88644,-694332
2,0,1.95,-0.00234762,0,1.88944,-704596
2,0,1.95,-0.00234762,0,1.89245,-727794
2,0,1.95,-0.00234762,0,1.89545,-649417
2,0,1.95,-0.00234762,0,1.89845,-639881
2,0,1.95,-0.00234762,0,1.90145,610067
2,0,1.95,-0.00234762,0,1.90445,651920
2,0,1.95,-0.00234762,0,1.90745,762081
2,0,1.95,-0.00234762,0,1.91046,745381
2,0,1.95,-0.00234762,0,1.91346,749050
2,0,1.95,-0.00234762,0,1.91646,793537
2,0,1.95,-0.00234762,0,1.91946,763881
2,0,1.95,-0.00234762,0,1.92246,808741
2,0,1.95,-0.00234762,0,1.92546,801486
2,0,1.95,-0.00234762,0,1.92846,841275
2,0,1.95,-0.00234762,0,1.93147,845664
2,0,1.95,-0.00234762,0,1.93447,862193
2,0,1.95,-0.00234762,0,1.93747,787045
2,0,1.95,-0.00234762,0,1.94047,777124
2,0,1.95,-0.00234762,0,1.94347,774987
2,0,1.95,-0.00234762,0,1.94647,761388
2,0,1.95,-0.00234762,0,1.94947,696805
2,0,1.95,-0.00234762,0,1.95248,-795826
2,0,1.95,-0.00234762,0,1.95548,-781379
2,0,1.95,-0.00234762,0,1.95848,-861239
2,0,1.95,-0.00234762,0,1.96148,-893340
2,0,1.95,-0.00234762,0,1.96448,-864318
2,0,1.95,-0.00234762,0,1.96748,-897738
2,0,1.95,-0.00234762,0,1.97049,-906478
2,0,1.95,-0.00234762,0,1.97349,-943244
2,0,1.95,-0.00234762,0,1.97649,-966818
2,0,1.95,-0.00234762,0,1.97949,-947564
2,0,1.95,-0.00234762,0,1.98249,-991375
2,0,1.95,-0.00234762,0,1.98549,-1.03829e+06
2,0,1.95,-0.00234762,0,1.98849,-1.00968e+06
2,0,1.95,-0.00234762,0,1.9915,-984648
2,0,1.95,-0.00234762,0,1.9945,-914690
2,0,1.95,-0.00234762,0,1.9975,-892727
2,0,1.95,-0.00234762,0,2.0005,888443
2,0,1.95,-0.00234762,0,2.0035,940452
2,0,1.95,-0.00234762,0,2.0065,1.07447e+06
2,0,1.95,-0.00234762,0,2.0095,1.00277e+06
2,0,1.95,-0.00234762,0,2.01251,1.16877e+06
2,0,1.95,-0.00234762,0,2.01551,1.01276e+06
2,0,1.95,-0.00234762,0,2.01851,1.00958e+06
2,0,1.95,-0.00234762,0,2.02151,1.01396e+06
2,0,1.95,-0.00234762,0,2.02451,1.00896e+06
2,0,1.95,-0.00234762,0,2.02751,1.00688e+06
2,0,1.95,-0.00234762,0,2.03052,1.10579e+06
2,0,1.95,-0.00234762,0,2.03352,1.05646e+06
2,0,1.95,-0.00234762,0,2.03652,1.03087e+06
2,0,1.95,-0.00234762,0,2.03952,1.11163e+06
2,0,1.95,-0.00234762,0,2.04252,1.01827e+06
2,0,1.95,-0.00234762,0,2.04552,1.02435e+06
2,0,1.95,-0.00234762,0,2.04852,1.02852e+06
2,0,1.95,-0.00234762,0,2.05153,1.00502e+06
2,0,1.95,-0.00234762,0,2.05453,1.01904e+06
2,0,1.95,-0.00234762,0,2.05753,1.02851e+06
2,0,1.95,-0.00234762,0,2.06053,1.06328e+06
2,0,1.95,-0.00234762,0,2.06353,1.08702e+06
2,0,1.95,-0.00234762,0,2.06653,1.03095e+06
2,0,1.95,-0.00234762,0,2.06953,1.00115e+06
2,0,1.95,-0.00234762,0,2.07254,1.0231e+06
2,0,1.95,-0.00234762,0,2.07554,1.04835e+06
2,0,1.95,-0.00234762,0,2.07854,1.00544e+06
2,0,1.95,-0.00234762,0,2.08154,1.07381e+06
2,0,1.95,-0.00234762,0,2.08454,1.04025e+06
2,0,1.95,-0.00234762,0,2.08754,1.01173e+06
2,0,1.95,-0.00234762,0,2.09055,1.05916e+06
2,0,1.95,-0.00234762,0,2.09355,1.03409e+06
2,0,1.95,-0.00234762,0,2.09655,1.04144e+06
2,0,1.95,-0.00234762,0,2.09955,1.15001e+06
2,0,1.95,-0.00234762,0,2.10255,1.0464e+06
2,0,1.95,-0.00234762,0,2.10555,1.11706e+06
2,0,1.95,-0.00234762,0,2.10855,1.13014e+06
2,0,1.95,-0.00234762,0,2.11156,1.20008e+06
2,0,1.95,-0.00234762,0,2.11456,1.15705e+06
2,0,1.95,-0.00234762,0,2.11756,1.12526e+06
2,0,1.95,-0.00234762,0,2.12056,1.10777e+06
2,0,1.95,-0.00234762,0,2.12356,1.01439e+06
2,0,1.95,-0.00234762,0,2.12656,1.10762e+06
2,0,1.95,-0.00234762,0,2.12956,1.09208e+06
2,0,1.95,-0.00234762,0,2.13257,1.04994e+06
2,0,1.95,-0.00234762,0,2.13557,1.10067e+06
2,0,1.95,-0.00234762,0,2.13857,1.18649e+06
2,0,1.95,-0.00234762,0,2.14157,1.03612e+06
2,0,1.95,-0.00234762,0,2.14457,1.1273e+06
2,0,1.95,-0.00234762,0,2.14757,1.04592e+06
2,0,1.95,-0.00234762,0,2.15058,1.02191e+06
2,0,1.95,-0.00234762,0,2.15358,1.11772e+06
2,0,1.95,-0.00234762,0,2.15658,1.14499e+06
2,0,1.95,-0.00234762,0,2.15958,1.07384e+06
2,0,1.95,-0.00234762,0,2.16258,1.08547e+06
2,0,1.95,-0.00234762,0,2.16558,1.02781e+06
2,0,1.95,-0.00234762,0,2.16858,1.02589e+06
2,0,1.95,-0.00234762,0,2.17159,1.04306e+06
2,0,1.95,-0.00234762,0,2.17459,1.0395e+06
2,0,1.95,-0.00234762,0,2.17759,1.07553e+06
2,0,1.95,-0.00234762,0,2.18059,1.03345e+06
2,0,1.95,-0.00234762,0,2.18359,1.0244e+06
2,0,1.95,-0.00234762,0,2.18659,1.08135e+06
2,0,1.95,-0.00234762,0,2.18959,1.11126e+06
2,0,1.95,-0.00234762,0,2.1926,1.04069e+06
2,0,1.95,-0.00234762,0,2.1956,1.10352e+06
2,0,1.95,-0.00234762,0,2.1986,1.17871e+06
2,0,1.95,-0.00234762,0,2.2016,1.17747e+06
2,0,1.95,-0.00234762,0,2.2046,1.11278e+06
2,0,1.95,-0.00234762,0,2.2076,1.06367e+06
2,0,1.95,-0.00234762,0,2.21061,1.18083e+06
2,0,1.95,-0.00234762,0,2.21361,1.00192e+06
2,0,1.95,-0.00234762,0,2.21661,1.04253e+06
2,0,1.95,-0.00234762,0,2.21961,1.00245e+06
2,0,1.95,-0.00234762,0,2.22261,1.11727e+06
2,0,1.95,-0.00234762,0,2.22561,1.04233e+06
2,0,1.95,-0.00234762,0,2.22861,1.00489e+06
2,0,1.95,-0.00234762,0,2.23162,1.16226e+06
2,0,1.95,-0.00234762,0,2.23462,1.04563e+06
2,0,1.95,-0.00234762,0,2.23762,1.06009e+06
2,0,1.95,-0.00234762,0,2.24062,1.12281e+06
2,0,1.95,-0.00234762,0,2.24362,1.12186e+06
2,0,1.95,-0.00234762,0,2.24662,1.00358e+06
2,0,1.95,-0.00234762,0,2.24962,1.11019e+06
2,0,1.95,-0.00234762,0,2.25263,1.01636e+06
2,0,1.95,-0.00234762,0,2.25563,1.05148e+06
2,0,1.95,-0.00234762,0,2.25863,1.13433e+06
2,0,1.95,-0.00234762,0,2.26163,1.02456e+06
2,0,1.95,-0.00234762,0,2.26463,1.0393e+06
2,0,1.95,-0.00234762,0,2.26763,1.32601e+06
2,0,1.95,-0.00234762,0,2.27064,1.00104e+06
2,0,1.95,-0.00234762,0,2.27364,1.00679e+06
2,0,1.95,-0.00234762,0,2.27664,1.04793e+06
2,0,1.95,-0.00234762,0,2.27964,1.05478e+06
2,0,1.95,-0.00234762,0,2.28264,1.22353e+06
2,0,1.95,-0.00234762,0,2.28564,1.08961e+06
2,0,1.95,-0.00234762,0,2.28864,1.14282e+06
2,0,1.95,-0.00234762,0,2.29165,1.03056e+06
2,0,1.95,-0.00234762,0,2.29465,1.06741e+06
2,0,1.95,-0.00234762,0,2.29765,1.19074e+06
2,0,1.95,-0.00234762,0,2.30065,1.23994e+06
2,0,1.95,-0.00234762,0,2.30365,1.12258e+06
2,0,1.95,-0.00234762,0,2.30665,1.04735e+06
2,0,1.95,-0.00234762,0,2.30965,1.01302e+06
2,0,1.95,-0.00234762,0,2.31266,1.01991e+06
2,0,1.95,-0.00234762,0,2.31566,1.03144e+06
2,0,1.95,-0.00234762,0,2.31866,1.17933e+06
2,0,1.95,-0.00234762,0,2.32166,1.09737e+06
2,0,1.95,-0.00234762,0,2.32466,1.00523e+06
2,0,1.95,-0.00234762,0,2.32766,1.09865e+06
2,0,1.95,-0.00234762,0,2.33067,1.0931e+06
2,0,1.95,-0.00234762,0,2.33367,1.04674e+06
2,0,1.95,-0.00234762,0,2.33667,1.19224e+06
2,0,1.95,-0.00234762,0,2.33967,1.05862e+06
2,0,1.95,-0.00234762,0,2.34267,1.04386e+06
2,0,1.95,-0.00234762,0,2.34567,1.10192e+06
2,0,1.95,-0.00234762,0,2.34867,1.03353e+06
2,0,1.95,-0.00234762,0,2.35168,1.03141e+06
2,0,1.95,-0.00234762,0,2.35468,1.03263e+06
2,0,1.95,-0.00234762,0,2.35768,1.1148e+06
2,0,1.95,-0.00234762,0,2.36068,1.07032e+06
2,0,1.95,-0.00234762,0,2.36368,1.05567e+06
2,0,1.95,-0.00234762,0,2.36668,1.21905e+06
2,0,1.95,-0.00234762,0,2.36968,1.21038e+06
2,0,1.95,-0.00234762,0,2.37269,1.03862e+06
2,0,1.95,-0.00234762,0,2.37569,1.08429e+06
2,0,1.95,-0.00234762,0,2.37869,1.18393e+06
2,0,1.95,-0.00234762,0,2.38169,1.24617e+06
2,0,1.95,-0.00234762,0,2.38469,1.05965e+06
2,0,1.95,-0.00234762,0,2.38769,1.07655e+06
2,0,1.95,-0.00234762,0,2.3907,1.04425e+06
2,0,1.95,-0.00234762,0,2.3937,1.03189e+06
2,0,1.95,-0.00234762,0,2.3967,1.12481e+06
2,0,1.95,-0.00234762,0,2.3997,1.03113e+06
2,0,1.95,-0.00234762,0,2.4027,1.0177e+06
2,0,1.95,-0.00234762,0,2.4057,1.03943e+06
2,0,1.95,-0.00234762,0,2.4087,1.18452e+06
2,0,1.95,-0.00234762,0,2.41171,1.20533e+06
2,0,1.95,-0.00234762,0,2.41471,1.01262e+06
2,0,1.95,-0.00234762,0,2.41771,1.27311e+06
2,0,1.95,-0.00234762,0,2.42071,1.01328e+06
2,0,1.95,-0.00234762,0,2.42371,1.12412e+06
2,0,1.95,-0.00234762,0,2.42671,1.11196e+06
2,0,1.95,-0.00234762,0,2.42971,1.07471e+06
2,0,1.95,-0.00234762,0,2.43272,1.11636e+06
2,0,1.95,-0.00234762,0,2.43572,1.05435e+06
2,0,1.95,-0.00234762,0,2.43872,1.23484e+06
2,0,1.95,-0.00234762,0,2.44172,1.30969e+06
2,0,1.95,-0.00234762,0,2.44472,1.07226e+06
2,0,1.95,-0.00234762,0,2.44772,1.01665e+06
2,0,1.95,-0.00234762,0,2.45073,1.0647e+06
2,0,1.95,-0.00234762,0,2.45373,1.08712e+06
2,0,1.95,-0.00234762,0,2.45673,1.1794e+06
2,0,1.95,-0.00234762,0,2.45973,1.09832e+06
2,0,1.95,-0.00234762,0,2.46273,1.06781e+06
2,0,1.95,-0.00234762,0,2.46573,1.12937e+06
2,0,1.95,-0.00234762,0,2.46873,1.11148e+06
2,0,1.95,-0.00234762,0,2.47174,1.02901e+06
2,0,1.95,-0.00234762,0,2.47474,1.05209e+06
2,0,1.95,-0.00234762,0,2.47774,1.01246e+06
2,0,1.95,-0.00234762,0,2.48074,1.16827e+06
2,0,1.95,-0.00234762,0,2.48374,1.11961e+06
2,0,1.95,-0.00234762,0,2.48674,1.09342e+06
2,0,1.95,-0.00234762,0,2.48974,1.03746e+06
2,0,1.95,-0.00234762,0,2.49275,1.01073e+06
2,0,1.95,-0.00234762,0,2.49575,1.01202e+06
2,0,1.95,-0.00234762,0,2.49875,1.07946e+06
2,0,1.95,-0.00234762,0,2.50175,1.02376e+06
2,0,1.95,-0.00234762,0,2.50475,1.07594e+06
2,0,1.95,-0.00234762,0,2.50775,1.06839e+06
2,0,1.95,-0.00234762,0,2.51076,1.15197e+06
2,0,1.95,-0.00234762,0,2.51376,1.18426e+06
2,0,1.95,-0.00234762,0,2.51676,1.29304e+06
2,0,1.95,-0.00234762,0,2.51976,1.28142e+06
2,0,1.95,-0.00234762,0,2.52276,1.15478e+06
2,0,1.95,-0.00234762,0,2.52576,1.065e+06
2,0,1.95,-0.00234762,0,2.52876,1.18205e+06
2,0,1.95,-0.00234762,0,2.53177,1.0344e+06
2,0,1.95,-0.00234762,0,2.53477,1.23531e+06
2,0,1.95,-0.00234762,0,2.53777,1.02117e+06
2,0,1.95,-0.00234762,0,2.54077,1.11426e+06
2,0,1.95,-0.00234762,0,2.54377,1.16618e+06
2,0,1.95,-0.00234762,0,2.54677,1.05809e+06
2,0,1.95,-0.00234762,0,2.54977,1.26202e+06
2,0,1.95,-0.00234762,0,2.55278,1.06846e+06
2,0,1.95,-0.00234762,0,2.55578,1.32117e+06
2,0,1.95,-0.00234762,0,2.55878,1.19999e+06
2,0,1.95,-0.00234762,0,2.56178,1.0783e+06
2,0,1.95,-0.00234762,0,2.56478,1.08554e+06
2,0,1.95,-0.00234762,0,2.56778,1.05883e+06
2,0,1.95,-0.00234762,0,2.57079,1.16988e+06
2,0,1.95,-0.00234762,0,2.57379,1.16264e+06
2,0,1.95,-0.00234762,0,2.57679,1.03642e+06
2,0,1.95,-0.00234762,0,2.57979,1.09314e+06
2,0,1.95,-0.00234762,0,2.58279,1.04752e+06
2,0,1.95,-0.00234762,0,2.58579,1.09233e+06
2,0,1.95,-0.00234762,0,2.58879,1.05424e+06
2,0,1.95,-0.00234762,0,2.5918,1.08877e+06
2,0,1.95,-0.00234762,0,2.5948,1.11297e+06
2,0,1.95,-0.00234762,0,2.5978,1.20538e+06
2,0,1.95,-0.00234762,0,2.6008,1.11886e+06
2,0,1.95,-0.00234762,0,2.6038,1.0514e+06
2,0,1.95,-0.00234762,0,2.6068,1.00741e+06
2,0,1.95,-0.00234762,0,2.6098,1.05711e+06
2,0,1.95,-0.00234762,0,2.61281,1.21066e+06
2,0,1.95,-0.00234762,0,2.61581,1.07399e+06
2,0,1.95,-0.00234762,0,2.61881,1.11021e+06
2,0,1.95,-0.00234762,0,2.62181,1.17371e+06
2,0,1.95,-0.00234762,0,2.62481,1.25162e+06
2,0,1.95,-0.00234762,0,2.62781,1.19542e+06
2,0,1.95,-0.00234762,0,2.63082,1.23281e+06
2,0,1.95,-0.00234762,0,2.63382,1.18536e+06
2,0,1.95,-0.00234762,0,2.63682,1.0441e+06
2,0,1.95,-0.00234762,0,2.63982,1.04889e+06
2,0,1.95,-0.00234762,0,2.64282,1.11436e+06
2,0,1.95,-0.00234762,0,2.64582,1.10697e+06
2,0,1.95,-0.00234762,0,2.64882,1.08836e+06
2,0,1.95,-0.00234762,0,2.65183,1.07807e+06
2,0,1.95,-0.00234762,0,2.65483,1.17578e+06
2,0,1.95,-0.00234762,0,2.65783,1.20379e+06
2,0,1.95,-0.00234762,0,2.66083,1.04248e+06
2,0,1.95,-0.00234762,0,2.66383,1.03844e+06
2,0,1.95,-0.00234762,0,2.66683,1.29916e+06
2,0,1.95,-0.00234762,0,2.66983,1.04538e+06
2,0,1.95,-0.00234762,0,2.67284,1.31587e+06
2,0,1.95,-0.00234762,0,2.67584,1.07987e+06
2,0,1.95,-0.00234762,0,2.67884,1.10965e+06
2,0,1.95,-0.00234762,0,2.68184,1.21399e+06
2,0,1.95,-0.00234762,0,2.68484,1.03773e+06
2,0,1.95,-0.00234762,0,2.68784,1.23041e+06
2,0,1.95,-0.00234762,0,2.69085,1.01718e+06
2,0,1.95,-0.00234762,0,2.69385,1.27448e+06
2,0,1.95,-0.00234762,0,2.69685,1.1032e+06
2,0,1.95,-0.00234762,0,2.69985,1.15268e+06
2,0,1.95,-0.00234762,0,2.70285,1.02867e+06
2,0,1.95,-0.00234762,0,2.70585,1.0713e+06
2,0,1.95,-0.00234762,0,2.70885,1.07687e+06
2,0,1.95,-0.00234762,0,2.71186,1.12324e+06
2,0,1.95,-0.00234762,0,2.71486,1.17086e+06
2,0,1.95,-0.00234762,0,2.71786,1.20188e+06
2,0,1.95,-0.00234762,0,2.72086,1.21979e+06
2,0,1.95,-0.00234762,0,2.72386,1.26784e+06
2,0,1.95,-0.00234762,0,2.72686,1.08971e+06
2,0,1.95,-0.00234762,0,2.72986,1.32126e+06
2,0,1.95,-0.00234762,0,2.73287,1.27645e+06
2,0,1.95,-0.00234762,0,2.73587,1.03808e+06
2,0,1.95,-0.00234762,0,2.73887,1.07815e+06
2,0,1.95,-0.00234762,0,2.74187,1.12219e+06
2,0,1.95,-0.00234762,0,2.74487,1.14654e+06
2,0,1.95,-0.00234762,0,2.74787,1.14549e+06
2,0,1.95,-0.00234762,0,2.75088,1.13959e+06
2,0,1.95,-0.00234762,0,2.75388,1.09922e+06
2,0,1.95,-0.00234762,0,2.75688,1.08196e+06
2,0,1.95,-0.00234762,0,2.75988,1.17653e+06
2,0,1.95,-0.00234762,0,2.76288,1.02194e+06
2,0,1.95,-0.00234762,0,2.76588,1.01459e+06
2,0,1.95,-0.00234762,0,2.76888,1.05864e+06
2,0,1.95,-0.00234762,0,2.77189,1.02575e+06
2,0,1.95,-0.00234762,0,2.77489,1.13808e+06
2,0,1.95,-0.00234762,0,2.77789,1.18483e+06
2,0,1.95,-0.00234762,0,2.78089,1.10667e+06
2,0,1.95,-0.00234762,0,2.78389,1.19738e+06
2,0,1.95,-0.00234762,0,2.78689,1.06817e+06
2,0,1.95,-0.00234762,0,2.78989,1.11403e+06
2,0,1.95,-0.00234762,0,2.7929,1.08384e+06
2,0,1.95,-0.00234762,0,2.7959,1.18757e+06
2,0,1.95,-0.00234762,0,2.7989,1.27506e+06
2,0,1.95,-0.00234762,0,2.8019,1.00941e+06
2,0,1.95,-0.00234762,0,2.8049,1.05914e+06
2,0,1.95,-0.00234762,0,2.8079,1.09433e+06
2,0,1.95,-0.00234762,0,2.81091,1.09795e+06
2,0,1.95,-0.00234762,0,2.81391,1.13735e+06
2,0,1.95,-0.00234762,0,2.81691,1.15747e+06
2,0,1.95,-0.00234762,0,2.81991,1.09764e+06
2,0,1.95,-0.00234762,0,2.82291,1.23886e+06
2,0,1.95,-0.00234762,0,2.82591,1.24569e+06
2,0,1.95,-0.00234762,0,2.82891,1.05157e+06
2,0,1.95,-0.00234762,0,2.83192,1.15906e+06
2,0,1.95,-0.00234762,0,2.83492,1.1839e+06
2,0,1.95,-0.00234762,0,2.83792,1.01693e+06
2,0,1.95,-0.00234762,0,2.84092,1.30681e+06
2,0,1.95,-0.00234762,0,2.84392,1.12639e+06
2,0,1.95,-0.00234762,0,2.84692,1.01686e+06
2,0,1.95,-0.00234762,0,2.84992,1.06735e+06
2,0,1.95,-0.00234762,0,2.85293,1.08104e+06
2,0,1.95,-0.00234762,0,2.85593,1.19921e+06
2,0,1.95,-0.00234762,0,2.85893,1.01742e+06
2,0,1.95,-0.00234762,0,2.86193,1.17494e+06
2,0,1.95,-0.00234762,0,2.86493,1.19327e+06
2,0,1.95,-0.00234762,0,2.86793,1.22703e+06
2,0,1.95,-0.00234762,0,2.87094,1.00845e+06
2,0,1.95,-0.00234762,0,2.87394,1.31222e+06
2,0,1.95,-0.00234762,0,2.87694,1.28732e+06
2,0,1.95,-0.00234762,0,2.87994,1.02308e+06
2,0,1.95,-0.00234762,0,2.88294,1.09816e+06
2,0,1.95,-0.00234762,0,2.88594,1.1235e+06
2,0,1.95,-0.00234762,0,2.88894,1.08192e+06
2,0,1.95,-0.00234762,0,2.89195,1.07809e+06
2,0,1.95,-0.00234762,0,2.89495,1.13574e+06
2,0,1.95,-0.00234762,0,2.89795,1.25819e+06
2,0,1.95,-0.00234762,0,2.90095,1.06691e+06
2,0,1.95,-0.00234762,0,2.90395,1.05192e+06
2,0,1.95,-0.00234762,0,2.90695,1.12809e+06
2,0,1.95,-0.00234762,0,2.90995,1.15783e+06
2,0,1.95,-0.00234762,0,2.91296,1.29283e+06
2,0,1.95,-0.00234762,0,2.91596,1.29327e+06
2,0,1.95,-0.00234762,0,2.91896,1.03143e+06
2,0,1.95,-0.00234762,0,2.92196,1.11334e+06
2,0,1.95,-0.00234762,0,2.92496,1.15362e+06
2,0,1.95,-0.00234762,0,2.92796,1.19911e+06
2,0,1.95,-0.00234762,0,2.93097,1.06866e+06
2,0,1.95,-0.00234762,0,2.93397,1.23008e+06
2,0,1.95,-0.00234762,0,2.93697,1.18183e+06
2,0,1.95,-0.00234762,0,2.93997,1.11006e+06
2,0,1.95,-0.00234762,0,2.94297,1.10557e+06
2,0,1.95,-0.00234762,0,2.94597,1.01159e+06
2,0,1.95,-0.00234762,0,2.94897,1.08498e+06
2,0,1.95,-0.00234762,0,2.95198,1.1406e+06
2,0,1.95,-0.00234762,0,2.95498,1.13043e+06
2,0,1.95,-0.00234762,0,2.95798,1.00616e+06
2,0,1.95,-0.00234762,0,2.96098,1.02553e+06
2,0,1.95,-0.00234762,0,2.96398,1.10826e+06
2,0,1.95,-0.00234762,0,2.96698,1.01371e+06
2,0,1.95,-0.00234762,0,2.96998,1.07604e+06
2,0,1.95,-0.00234762,0,2.97299,1.14176e+06
2,0,1.95,-0.00234762,0,2.97599,1.33583e+06
2,0,1.95,-0.00234762,0,2.97899,1.1076e+06
2,0,1.95,-0.00234762,0,2.98199,1.07537e+06
2,0,1.95,-0.00234762,0,2.98499,1.03869e+06
2,0,1.95,-0.00234762,0,2.98799,1.17818e+06
2,0,1.95,-0.00234762,0,2.991,1.01245e+06
2,0,1.95,-0.00234762,0,2.994,1.24403e+06
2,0,1.95,-0.00234762,0,2.997,1.02083e+06
2,0,1.95,-0.00234762,0,3,1.21115e+06

