2,0,1.95,0.115368,0,-3,-167406
2,0,1.95,0.115368,0,-2.997,-169816
2,0,1.95,0.115368,0,-2.994,-178774
2,0,1.95,0.115368,0,-2.991,-174244
2,0,1.95,0.115368,0,-2.98799,-172785
2,0,1.95,0.115368,0,-2.98499,-168778
2,0,1.95,0.115368,0,-2.98199,-166902
2,0,1.95,0.115368,0,-2.97899,-173751
2,0,1.95,0.115368,0,-2.97599,-195565
2,0,1.95,0.115368,0,-2.97299,-174194
2,0,1.95,0.115368,0,-2.96998,-174528
2,0,1.95,0.115368,0,-2.96698,-157552
2,0,1.95,0.115368,0,-2.96398,-166475
2,0,1.95,0.115368,0,-2.96098,-182967
2,0,1.95,0.115368,0,-2.95798,-191341
2,0,1.95,0.115368,0,-2.95498,-166153
2,0,1.95,0.115368,0,-2.95198,-161317
2,0,1.95,0.115368,0,-2.94897,-147677
2,0,1.95,0.115368,0,-2.94597,-147448
2,0,1.95,0.115368,0,-2.94297,-140309
2,0,1.95,0.115368,0,-2.93997,-170137
2,0,1.95,0.115368,0,-2.93697,-119445
2,0,1.95,0.115368,0,-2.93397,147131
2,0,1.95,0.115368,0,-2.93097,179106
2,0,1.95,0.115368,0,-2.92796,150888
2,0,1.95,0.115368,0,-2.92496,157774
2,0,1.95,0.115368,0,-2.92196,168212
2,0,1.95,0.115368,0,-2.91896,158875
2,0,1.95,0.115368,0,-2.91596,196478
2,0,1.95,0.115368,0,-2.91296,179317
2,0,1.95,0.115368,0,-2.90995,164545
2,0,1.95,0.115368,0,-2.90695,163866
2,0,1.95,0.115368,0,-2.90395,197482
2,0,1.95,0.115368,0,-2.90095,180807
2,0,1.95,0.115368,0,-2.89795,165643
2,0,1.95,0.115368,0,-2.89495,164191
2,0,1.95,0.115368,0,-2.89195,171754
2,0,1.95,0.115368,0,-2.88894,173302
2,0,1.95,0.115368,0,-2.88594,167490
2,0,1.95,0.115368,0,-2.88294,177436
2,0,1.95,0.115368,0,-2.87994,190778
2,0,1.95,0.115368,0,-2.87694,186556
2,0,1.95,0.115368,0,-2.87394,203659
2,0,1.95,0.115368,0,-2.87094,202144
2,0,1.95,0.115368,0,-2.86793,190381
2,0,1.95,0.115368,0,-2.86493,175755
2,0,1.95,0.115368,0,-2.86193,178768
2,0,1.95,0.115368,0,-2.85893,182417
2,0,1.95,0.115368,0,-2.85593,185770
2,0,1.95,0.115368,0,-2.85293,200493
2,0,1.95,0.115368,0,-2.84992,204529
2,0,1.95,0.115368,0,-2.84692,178028
2,0,1.95,0.115368,0,-2.84392,184039
2,0,1.95,0.115368,0,-2.84092,190641
2,0,1.95,0.115368,0,-2.83792,187870
2,0,1.95,0.115368,0,-2.83492,183161
2,0,1.95,0.115368,0,-2.83192,177893
2,0,1.95,0.115368,0,-2.82891,184031
2,0,1.95,0.115368,0,-2.82591,179441
2,0,1.95,0.115368,0,-2.82291,183859
2,0,1.95,0.115368,0,-2.81991,186018
2,0,1.95,0.115368,0,-2.81691,197928
2,0,1.95,0.115368,0,-2.81391,209905
2,0,1.95,0.115368,0,-2.81091,189157
2,0,1.95,0.115368,0,-2.8079,207901
2,0,1.95,0.115368,0,-2.8049,190198
2,0,1.95,0.115368,0,-2.8019,184321
2,0,1.95,0.115368,0,-2.7989,195781
2,0,1.95,0.115368,0,-2.7959,185154
2,0,1.95,0.115368,0,-2.7929,194449
2,0,1.95,0.115368,0,-2.78989,188138
2,0,1.95,0.115368,0,-2.78689,209491
2,0,1.95,0.115368,0,-2.78389,206274
2,0,1.95,0.115368,0,-2.78089,209458
2,0,1.95,0.115368,0,-2.77789,185302
2,0,1.95,0.115368,0,-2.77489,184853
2,0,1.95,0.115368,0,-2.77189,200489
2,0,1.95,0.115368,0,-2.76888,191206
2,0,1.95,0.115368,0,-2.76588,185930
2,0,1.95,0.115368,0,-2.76288,203777
2,0,1.95,0.115368,0,-2.75988,196912
2,0,1.95,0.115368,0,-2.75688,193909
2,0,1.95,0.115368,0,-2.75388,184174
2,0,1.95,0.115368,0,-2.75088,188029
2,0,1.95,0.115368,0,-2.74787,194854
2,0,1.95,0.115368,0,-2.74487,213563
2,0,1.95,0.115368,0,-2.74187,192499
2,0,1.95,0.115368,0,-2.73887,226315
2,0,1.95,0.115368,0,-2.73587,189956
2,0,1.95,0.115368,0,-2.73287,223033
2,0,1.95,0.115368,0,-2.72986,198627
2,0,1.95,0.115368,0,-2.72686,227941
2,0,1.95,0.115368,0,-2.72386,190642
2,0,1.95,0.115368,0,-2.72086,203833
2,0,1.95,0.115368,0,-2.71786,226635
2,0,1.95,0.115368,0,-2.71486,188968
2,0,1.95,0.115368,0,-2.71186,199871
2,0,1.95,0.115368,0,-2.70885,211553
2,0,1.95,0.115368,0,-2.70585,195062
2,0,1.95,0.115368,0,-2.70285,210022
2,0,1.95,0.115368,0,-2.69985,195574
2,0,1.95,0.115368,0,-2.69685,194733
2,0,1.95,0.115368,0,-2.69385,215243
2,0,1.95,0.115368,0,-2.69085,191900
2,0,1.95,0.115368,0,-2.68784,187218
2,0,1.95,0.115368,0,-2.68484,219724
2,0,1.95,0.115368,0,-2.68184,197365
2,0,1.95,0.115368,0,-2.67884,202435
2,0,1.95,0.115368,0,-2.67584,231540
2,0,1.95,0.115368,0,-2.67284,221518
2,0,1.95,0.115368,0,-2.66983,189851
2,0,1.95,0.115368,0,-2.66683,238411
2,0,1.95,0.115368,0,-2.66383,228497
2,0,1.95,0.115368,0,-2.66083,190205
2,0,1.95,0.115368,0,-2.65783,202967
2,0,1.95,0.115368,0,-2.65483,189807
2,0,1.95,0.115368,0,-2.65183,195052
2,0,1.95,0.115368,0,-2.64882,219210
2,0,1.95,0.115368,0,-2.64582,197465
2,0,1.95,0.115368,0,-2.64282,200485
2,0,1.95,0.115368,0,-2.63982,208483
2,0,1.95,0.115368,0,-2.63682,207817
2,0,1.95,0.115368,0,-2.63382,203795
2,0,1.95,0.115368,0,-2.63082,200532
2,0,1.95,0.115368,0,-2.62781,204785
2,0,1.95,0.115368,0,-2.62481,197156
2,0,1.95,0.115368,0,-2.62181,212534
2,0,1.95,0.115368,0,-2.61881,204787
2,0,1.95,0.115368,0,-2.61581,212565
2,0,1.95,0.115368,0,-2.61281,212948
2,0,1.95,0.115368,0,-2.6098,195375
2,0,1.95,0.115368,0,-2.6068,215009
2,0,1.95,0.115368,0,-2.6038,196188
2,0,1.95,0.115368,0,-2.6008,212512
2,0,1.95,0.115368,0,-2.5978,212939
2,0,1.95,0.115368,0,-2.5948,195802
2,0,1.95,0.115368,0,-2.5918,205026
2,0,1.95,0.115368,0,-2.58879,205216
2,0,1.95,0.115368,0,-2.58579,199480
2,0,1.95,0.115368,0,-2.58279,199565
2,0,1.95,0.115368,0,-2.57979,198626
2,0,1.95,0.115368,0,-2.57679,214436
2,0,1.95,0.115368,0,-2.57379,203049
2,0,1.95,0.115368,0,-2.57079,202790
2,0,1.95,0.115368,0,-2.56778,198686
2,0,1.95,0.115368,0,-2.56478,208892
2,0,1.95,0.115368,0,-2.56178,205394
2,0,1.95,0.115368,0,-2.55878,197021
2,0,1.95,0.115368,0,-2.55578,207022
2,0,1.95,0.115368,0,-2.55278,197761
2,0,1.95,0.115368,0,-2.54977,197956
2,0,1.95,0.115368,0,-2.54677,185799
2,0,1.95,0.115368,0,-2.54377,196198
2,0,1.95,0.115368,0,-2.54077,201373
2,0,1.95,0.115368,0,-2.53777,188443
2,0,1.95,0.115368,0,-2.53477,190552
2,0,1.95,0.115368,0,-2.53177,203845
2,0,1.95,0.115368,0,-2.52876,186391
2,0,1.95,0.115368,0,-2.52576,197980
2,0,1.95,0.115368,0,-2.52276,219525
2,0,1.95,0.115368,0,-2.51976,193949
2,0,1.95,0.115368,0,-2.51676,196211
2,0,1.95,0.115368,0,-2.51376,187604
2,0,1.95,0.115368,0,-2.51076,212896
2,0,1.95,0.115368,0,-2.50775,216375
2,0,1.95,0.115368,0,-2.50475,199819
2,0,1.95,0.115368,0,-2.50175,197969
2,0,1.95,0.115368,0,-2.49875,184397
2,0,1.95,0.115368,0,-2.49575,201355
2,0,1.95,0.115368,0,-2.49275,191834
2,0,1.95,0.115368,0,-2.48974,204157
2,0,1.95,0.115368,0,-2.48674,228849
2,0,1.95,0.115368,0,-2.48374,184648
2,0,1.95,0.115368,0,-2.48074,201230
2,0,1.95,0.115368,0,-2.47774,196255
2,0,1.95,0.115368,0,-2.47474,196601
2,0,1.95,0.115368,0,-2.47174,201563
2,0,1.95,0.115368,0,-2.46873,212146
2,0,1.95,0.115368,0,-2.46573,189085
2,0,1.95,0.115368,0,-2.46273,185992
2,0,1.95,0.115368,0,-2.45973,203123
2,0,1.95,0.115368,0,-2.45673,198759
2,0,1.95,0.115368,0,-2.45373,184770
2,0,1.95,0.115368,0,-2.45073,193717
2,0,1.95,0.115368,0,-2.44772,199904
2,0,1.95,0.115368,0,-2.44472,218599
2,0,1.95,0.115368,0,-2.44172,181562
2,0,1.95,0.115368,0,-2.43872,203655
2,0,1.95,0.115368,0,-2.43572,182515
2,0,1.95,0.115368,0,-2.43272,214529
2,0,1.95,0.115368,0,-2.42971,200094
2,0,1.95,0.115368,0,-2.42671,188711
2,0,1.95,0.115368,0,-2.42371,196756
2,0,1.95,0.115368,0,-2.42071,199869
2,0,1.95,0.115368,0,-2.41771,176581
2,0,1.95,0.115368,0,-2.41471,175608
2,0,1.95,0.115368,0,-2.41171,182491
2,0,1.95,0.115368,0,-2.4087,177470
2,0,1.95,0.115368,0,-2.4057,200292
2,0,1.95,0.115368,0,-2.4027,178489
2,0,1.95,0.115368,0,-2.3997,182595
2,0,1.95,0.115368,0,-2.3967,194972
2,0,1.95,0.115368,0,-2.3937,184654
2,0,1.95,0.115368,0,-2.3907,174609
2,0,1.95,0.115368,0,-2.38769,215529
2,0,1.95,0.115368,0,-2.38469,171785
2,0,1.95,0.115368,0,-2.38169,178963
2,0,1.95,0.115368,0,-2.37869,189603
2,0,1.95,0.115368,0,-2.37569,186904
2,0,1.95,0.115368,0,-2.37269,186071
2,0,1.95,0.115368,0,-2.36968,175272
2,0,1.95,0.115368,0,-2.36668,183801
2,0,1.95,0.115368,0,-2.36368,185078
2,0,1.95,0.115368,0,-2.36068,184895
2,0,1.95,0.115368,0,-2.35768,167325
2,0,1.95,0.115368,0,-2.35468,177001
2,0,1.95,0.115368,0,-2.35168,182396
2,0,1.95,0.115368,0,-2.34867,167467
2,0,1.95,0.115368,0,-2.34567,191647
2,0,1.95,0.115368,0,-2.34267,177380
2,0,1.95,0.115368,0,-2.33967,180927
2,0,1.95,0.115368,0,-2.33667,162495
2,0,1.95,0.115368,0,-2.33367,165033
2,0,1.95,0.115368,0,-2.33067,161811
2,0,1.95,0.115368,0,-2.32766,185433
2,0,1.95,0.115368,0,-2.32466,164870
2,0,1.95,0.115368,0,-2.32166,148203
2,0,1.95,0.115368,0,-2.31866,141729
2,0,1.95,0.115368,0,-2.31566,-134950
2,0,1.95,0.115368,0,-2.31266,-145129
2,0,1.95,0.115368,0,-2.30965,-161762
2,0,1.95,0.115368,0,-2.30665,-158228
2,0,1.95,0.115368,0,-2.30365,-186411
2,0,1.95,0.115368,0,-2.30065,-190488
2,0,1.95,0.115368,0,-2.29765,-167881
2,0,1.95,0.115368,0,-2.29465,-166386
2,0,1.95,0.115368,0,-2.29165,-183776
2,0,1.95,0.115368,0,-2.28864,-160158
2,0,1.95,0.115368,0,-2.28564,-168097
2,0,1.95,0.115368,0,-2.28264,-184042
2,0,1.95,0.115368,0,-2.27964,-166093
2,0,1.95,0.115368,0,-2.27664,-191567
2,0,1.95,0.115368,0,-2.27364,-179012
2,0,1.95,0.115368,0,-2.27064,-177709
2,0,1.95,0.115368,0,-2.26763,-168334
2,0,1.95,0.115368,0,-2.26463,-183800
2,0,1.95,0.115368,0,-2.26163,-193242
2,0,1.95,0.115368,0,-2.25863,-181798
2,0,1.95,0.115368,0,-2.25563,-175763
2,0,1.95,0.115368,0,-2.25263,-216828
2,0,1.95,0.115368,0,-2.24962,-171325
2,0,1.95,0.115368,0,-2.24662,-175194
2,0,1.95,0.115368,0,-2.24362,-186425
2,0,1.95,0.115368,0,-2.24062,-173398
2,0,1.95,0.115368,0,-2.23762,-198177
2,0,1.95,0.115368,0,-2.23462,-193332
2,0,1.95,0.115368,0,-2.23162,-180910
2,0,1.95,0.115368,0,-2.22861,-180544
2,0,1.95,0.115368,0,-2.22561,-175612
2,0,1.95,0.115368,0,-2.22261,-192592
2,0,1.95,0.115368,0,-2.21961,-181041
2,0,1.95,0.115368,0,-2.21661,-188613
2,0,1.95,0.115368,0,-2.21361,-205735
2,0,1.95,0.115368,0,-2.21061,-180510
2,0,1.95,0.115368,0,-2.2076,-197195
2,0,1.95,0.115368,0,-2.2046,-189122
2,0,1.95,0.115368,0,-2.2016,-190600
2,0,1.95,0.115368,0,-2.1986,-181341
2,0,1.95,0.115368,0,-2.1956,-181616
2,0,1.95,0.115368,0,-2.1926,-189276
2,0,1.95,0.115368,0,-2.18959,-182937
2,0,1.95,0.115368,0,-2.18659,-182470
2,0,1.95,0.115368,0,-2.18359,-190965
2,0,1.95,0.115368,0,-2.18059,-190138
2,0,1.95,0.115368,0,-2.17759,-198103
2,0,1.95,0.115368,0,-2.17459,-208724
2,0,1.95,0.115368,0,-2.17159,-200035
2,0,1.95,0.115368,0,-2.16858,-192389
2,0,1.95,0.115368,0,-2.16558,-206282
2,0,1.95,0.115368,0,-2.16258,-217282
2,0,1.95,0.115368,0,-2.15958,-189159
2,0,1.95,0.115368,0,-2.15658,-224329
2,0,1.95,0.115368,0,-2.15358,-188263
2,0,1.95,0.115368,0,-2.15058,-183746
2,0,1.95,0.115368,0,-2.14757,-198028
2,0,1.95,0.115368,0,-2.14457,-191423
2,0,1.95,0.115368,0,-2.14157,-213456
2,0,1.95,0.115368,0,-2.13857,-209705
2,0,1.95,0.115368,0,-2.13557,-212508
2,0,1.95,0.115368,0,-2.13257,-191832
2,0,1.95,0.115368,0,-2.12956,-199988
2,0,1.95,0.115368,0,-2.12656,-231678
2,0,1.95,0.115368,0,-2.12356,-197126
2,0,1.95,0.115368,0,-2.12056,-188826
2,0,1.95,0.115368,0,-2.11756,-191245
2,0,1.95,0.115368,0,-2.11456,-220364
2,0,1.95,0.115368,0,-2.11156,-194167
2,0,1.95,0.115368,0,-2.10855,-195258
2,0,1.95,0.115368,0,-2.10555,-194824
2,0,1.95,0.115368,0,-2.10255,-187609
2,0,1.95,0.115368,0,-2.09955,-214237
2,0,1.95,0.115368,0,-2.09655,-203735
2,0,1.95,0.115368,0,-2.09355,-187857
2,0,1.95,0.115368,0,-2.09055,-191392
2,0,1.95,0.115368,0,-2.08754,-195083
2,0,1.95,0.115368,0,-2.08454,-222335
2,0,1.95,0.115368,0,-2.08154,-217710
2,0,1.95,0.115368,0,-2.07854,-200932
2,0,1.95,0.115368,0,-2.07554,-208859
2,0,1.95,0.115368,0,-2.07254,-196038
2,0,1.95,0.115368,0,-2.06953,-223843
2,0,1.95,0.115368,0,-2.06653,-199053
2,0,1.95,0.115368,0,-2.06353,-203997
2,0,1.95,0.115368,0,-2.06053,-201139
2,0,1.95,0.115368,0,-2.05753,-219017
2,0,1.95,0.115368,0,-2.05453,-207074
2,0,1.95,0.115368,0,-2.05153,-214839
2,0,1.95,0.115368,0,-2.04852,-231779
2,0,1.95,0.115368,0,-2.04552,-224426
2,0,1.95,0.115368,0,-2.04252,-233892
2,0,1.95,0.115368,0,-2.03952,-211251
2,0,1.95,0.115368,0,-2.03652,-234476
2,0,1.95,0.115368,0,-2.03352,-204154
2,0,1.95,0.115368,0,-2.03052,-201759
2,0,1.95,0.115368,0,-2.02751,-213135
2,0,1.95,0.115368,0,-2.02451,-195425
2,0,1.95,0.115368,0,-2.02151,-199072
2,0,1.95,0.115368,0,-2.01851,-193724
2,0,1.95,0.115368,0,-2.01551,-190565
2,0,1.95,0.115368,0,-2.01251,-238118
2,0,1.95,0.115368,0,-2.0095,-224738
2,0,1.95,0.115368,0,-2.0065,-202765
2,0,1.95,0.115368,0,-2.0035,-209742
2,0,1.95,0.115368,0,-2.0005,-206488
2,0,1.95,0.115368,0,-1.9975,-203179
2,0,1.95,0.115368,0,-1.9945,-206779
2,0,1.95,0.115368,0,-1.9915,-214909
2,0,1.95,0.115368,0,-1.98849,-196919
2,0,1.95,0.115368,0,-1.98549,-237440
2,0,1.95,0.115368,0,-1.98249,-206027
2,0,1.95,0.115368,0,-1.97949,-206371
2,0,1.95,0.115368,0,-1.97649,-193775
2,0,1.95,0.115368,0,-1.97349,-224052
2,0,1.95,0.115368,0,-1.97049,-211966
2,0,1.95,0.115368,0,-1.96748,-201341
2,0,1.95,0.115368,0,-1.96448,-195168
2,0,1.95,0.115368,0,-1.96148,-209913
2,0,1.95,0.115368,0,-1.95848,-198887
2,0,1.95,0.115368,0,-1.95548,-208624
2,0,1.95,0.115368,0,-1.95248,-207369
2,0,1.95,0.115368,0,-1.94947,-187497
2,0,1.95,0.115368,0,-1.94647,-195429
2,0,1.95,0.115368,0,-1.94347,-200748
2,0,1.95,0.115368,0,-1.94047,-207498
2,0,1.95,0.115368,0,-1.93747,-223206
2,0,1.95,0.115368,0,-1.93447,-201185
2,0,1.95,0.115368,0,-1.93147,-220229
2,0,1.95,0.115368,0,-1.92846,-188232
2,0,1.95,0.115368,0,-1.92546,-198259
2,0,1.95,0.115368,0,-1.92246,-195572
2,0,1.95,0.115368,0,-1.91946,-220631
2,0,1.95,0.115368,0,-1.91646,-199506
2,0,1.95,0.115368,0,-1.91346,-200484
2,0,1.95,0.115368,0,-1.91046,-197956
2,0,1.95,0.115368,0,-1.90745,-204587
2,0,1.95,0.115368,0,-1.90445,-200260
2,0,1.95,0.115368,0,-1.90145,-235427
2,0,1.95,0.115368,0,-1.89845,-185004
2,0,1.95,0.115368,0,-1.89545,-208047
2,0,1.95,0.115368,0,-1.89245,-233575
2,0,1.95,0.115368,0,-1.88944,-192840
2,0,1.95,0.115368,0,-1.88644,-203523
2,0,1.95,0.115368,0,-1.88344,-187826
2,0,1.95,0.115368,0,-1.88044,-222940
2,0,1.95,0.115368,0,-1.87744,-200822
2,0,1.95,0.115368,0,-1.87444,-217177
2,0,1.95,0.115368,0,-1.87144,-203138
2,0,1.95,0.115368,0,-1.86843,-204473
2,0,1.95,0.115368,0,-1.86543,-189085
2,0,1.95,0.115368,0,-1.86243,-205904
2,0,1.95,0.115368,0,-1.85943,-198918
2,0,1.95,0.115368,0,-1.85643,-189542
2,0,1.95,0.115368,0,-1.85343,-182393
2,0,1.95,0.115368,0,-1.85043,-190518
2,0,1.95,0.115368,0,-1.84742,-208985
2,0,1.95,0.115368,0,-1.84442,-185761
2,0,1.95,0.115368,0,-1.84142,-205605
2,0,1.95,0.115368,0,-1.83842,-192237
2,0,1.95,0.115368,0,-1.83542,-185129
2,0,1.95,0.115368,0,-1.83242,-186705
2,0,1.95,0.115368,0,-1.82941,-191123
2,0,1.95,0.115368,0,-1.82641,-191163
2,0,1.95,0.115368,0,-1.82341,-184165
2,0,1.95,0.115368,0,-1.82041,-183340
2,0,1.95,0.115368,0,-1.81741,-182904
2,0,1.95,0.115368,0,-1.81441,-177653
2,0,1.95,0.115368,0,-1.81141,-181625
2,0,1.95,0.115368,0,-1.8084,-183012
2,0,1.95,0.115368,0,-1.8054,-185797
2,0,1.95,0.115368,0,-1.8024,-174573
2,0,1.95,0.115368,0,-1.7994,-185049
2,0,1.95,0.115368,0,-1.7964,-175084
2,0,1.95,0.115368,0,-1.7934,-179908
2,0,1.95,0.115368,0,-1.7904,-218902
2,0,1.95,0.115368,0,-1.78739,-187608
2,0,1.95,0.115368,0,-1.78439,-178982
2,0,1.95,0.115368,0,-1.78139,-169127
2,0,1.95,0.115368,0,-1.77839,-179948
2,0,1.95,0.115368,0,-1.77539,-175946
2,0,1.95,0.115368,0,-1.77239,-187853
2,0,1.95,0.115368,0,-1.76938,-207291
2,0,1.95,0.115368,0,-1.76638,-164685
2,0,1.95,0.115368,0,-1.76338,-171946
2,0,1.95,0.115368,0,-1.76038,-161689
2,0,1.95,0.115368,0,-1.75738,-172757
2,0,1.95,0.115368,0,-1.75438,-178283
2,0,1.95,0.115368,0,-1.75138,-179135
2,0,1.95,0.115368,0,-1.74837,-155343
2,0,1.95,0.115368,0,-1.74537,-156660
2,0,1.95,0.115368,0,-1.74237,-155223
2,0,1.95,0.115368,0,-1.73937,-163712
2,0,1.95,0.115368,0,-1.73637,-145700
2,0,1.95,0.115368,0,-1.73337,-124307
2,0,1.95,0.115368,0,-1.73037,139917
2,0,1.95,0.115368,0,-1.72736,158886
2,0,1.95,0.115368,0,-1.72436,163833
2,0,1.95,0.115368,0,-1.72136,162317
2,0,1.95,0.115368,0,-1.71836,177597
2,0,1.95,0.115368,0,-1.71536,165907
2,0,1.95,0.115368,0,-1.71236,158813
2,0,1.95,0.115368,0,-1.70935,199240
2,0,1.95,0.115368,0,-1.70635,169745
2,0,1.95,0.115368,0,-1.70335,173842
2,0,1.95,0.115368,0,-1.70035,173077
2,0,1.95,0.115368,0,-1.69735,177258
2,0,1.95,0.115368,0,-1.69435,183225
2,0,1.95,0.115368,0,-1.69135,182626
2,0,1.95,0.115368,0,-1.68834,188268
2,0,1.95,0.115368,0,-1.68534,169183
2,0,1.95,0.115368,0,-1.68234,205928
2,0,1.95,0.115368,0,-1.67934,196916
2,0,1.95,0.115368,0,-1.67634,198417
2,0,1.95,0.115368,0,-1.67334,172947
2,0,1.95,0.115368,0,-1.67034,173620
2,0,1.95,0.115368,0,-1.66733,174679
2,0,1.95,0.115368,0,-1.66433,185674
2,0,1.95,0.115368,0,-1.66133,176582
2,0,1.95,0.115368,0,-1.65833,218336
2,0,1.95,0.115368,0,-1.65533,193073
2,0,1.95,0.115368,0,-1.65233,176755
2,0,1.95,0.115368,0,-1.64932,177432
2,0,1.95,0.115368,0,-1.64632,185335
2,0,1.95,0.115368,0,-1.64332,201269
2,0,1.95,0.115368,0,-1.64032,207581
2,0,1.95,0.115368,0,-1.63732,210178
2,0,1.95,0.115368,0,-1.63432,189236
2,0,1.95,0.115368,0,-1.63132,188124
2,0,1.95,0.115368,0,-1.62831,220168
2,0,1.95,0.115368,0,-1.62531,187320
2,0,1.95,0.115368,0,-1.62231,205903
2,0,1.95,0.115368,0,-1.61931,186724
2,0,1.95,0.115368,0,-1.61631,198034
2,0,1.95,0.115368,0,-1.61331,200624
2,0,1.95,0.115368,0,-1.61031,182861
2,0,1.95,0.115368,0,-1.6073,198131
2,0,1.95,0.115368,0,-1.6043,208657
2,0,1.95,0.115368,0,-1.6013,218541
2,0,1.95,0.115368,0,-1.5983,199305
2,0,1.95,0.115368,0,-1.5953,199152
2,0,1.95,0.115368,0,-1.5923,205170
2,0,1.95,0.115368,0,-1.58929,216087
2,0,1.95,0.115368,0,-1.58629,194019
2,0,1.95,0.115368,0,-1.58329,186541
2,0,1.95,0.115368,0,-1.58029,200236
2,0,1.95,0.115368,0,-1.57729,187017
2,0,1.95,0.115368,0,-1.57429,208215
2,0,1.95,0.115368,0,-1.57129,203990
2,0,1.95,0.115368,0,-1.56828,193934
2,0,1.95,0.115368,0,-1.56528,191125
2,0,1.95,0.115368,0,-1.56228,190103
2,0,1.95,0.115368,0,-1.55928,186892
2,0,1.95,0.115368,0,-1.55628,196248
2,0,1.95,0.115368,0,-1.55328,221345
2,0,1.95,0.115368,0,-1.55028,192132
2,0,1.95,0.115368,0,-1.54727,217616
2,0,1.95,0.115368,0,-1.54427,205936
2,0,1.95,0.115368,0,-1.54127,207782
2,0,1.95,0.115368,0,-1.53827,206746
2,0,1.95,0.115368,0,-1.53527,236106
2,0,1.95,0.115368,0,-1.53227,238688
2,0,1.95,0.115368,0,-1.52926,216999
2,0,1.95,0.115368,0,-1.52626,189712
2,0,1.95,0.115368,0,-1.52326,217880
2,0,1.95,0.115368,0,-1.52026,194539
2,0,1.95,0.115368,0,-1.51726,214374
2,0,1.95,0.115368,0,-1.51426,195967
2,0,1.95,0.115368,0,-1.51126,208769
2,0,1.95,0.115368,0,-1.50825,198873
2,0,1.95,0.115368,0,-1.50525,193171
2,0,1.95,0.115368,0,-1.50225,200800
2,0,1.95,0.115368,0,-1.49925,201210
2,0,1.95,0.115368,0,-1.49625,195263
2,0,1.95,0.115368,0,-1.49325,233558
2,0,1.95,0.115368,0,-1.49025,192911
2,0,1.95,0.115368,0,-1.48724,208116
2,0,1.95,0.115368,0,-1.48424,229489
2,0,1.95,0.115368,0,-1.48124,201736
2,0,1.95,0.115368,0,-1.47824,191953
2,0,1.95,0.115368,0,-1.47524,241032
2,0,1.95,0.115368,0,-1.47224,194616
2,0,1.95,0.115368,0,-1.46923,193799
2,0,1.95,0.115368,0,-1.46623,201137
2,0,1.95,0.115368,0,-1.46323,212697
2,0,1.95,0.115368,0,-1.46023,198267
2,0,1.95,0.115368,0,-1.45723,207608
2,0,1.95,0.115368,0,-1.45423,213019
2,0,1.95,0.115368,0,-1.45123,217061
2,0,1.95,0.115368,0,-1.44822,237088
2,0,1.95,0.115368,0,-1.44522,196011
2,0,1.95,0.115368,0,-1.44222,202262
2,0,1.95,0.115368,0,-1.43922,211809
2,0,1.95,0.115368,0,-1.43622,200765
2,0,1.95,0.115368,0,-1.43322,199144
2,0,1.95,0.115368,0,-1.43022,214812
2,0,1.95,0.115368,0,-1.42721,215338
2,0,1.95,0.115368,0,-1.42421,205214
2,0,1.95,0.115368,0,-1.42121,213800
2,0,1.95,0.115368,0,-1.41821,217813
2,0,1.95,0.115368,0,-1.41521,213637
2,0,1.95,0.115368,0,-1.41221,209115
2,0,1.95,0.115368,0,-1.4092,197507
2,0,1.95,0.115368,0,-1.4062,211757
2,0,1.95,0.115368,0,-1.4032,205245
2,0,1.95,0.115368,0,-1.4002,208019
2,0,1.95,0.115368,0,-1.3972,235988
2,0,1.95,0.115368,0,-1.3942,197916
2,0,1.95,0.115368,0,-1.3912,205522
2,0,1.95,0.115368,0,-1.38819,204310
2,0,1.95,0.115368,0,-1.38519,204927
2,0,1.95,0.115368,0,-1.38219,193005
2,0,1.95,0.115368,0,-1.37919,202047
2,0,1.95,0.115368,0,-1.37619,198275
2,0,1.95,0.115368,0,-1.37319,199117
2,0,1.95,0.115368,0,-1.37019,194722
2,0,1.95,0.115368,0,-1.36718,222916
2,0,1.95,0.115368,0,-1.36418,214266
2,0,1.95,0.115368,0,-1.36118,191056
2,0,1.95,0.115368,0,-1.35818,210357
2,0,1.95,0.115368,0,-1.35518,198911
2,0,1.95,0.115368,0,-1.35218,202123
2,0,1.95,0.115368,0,-1.34917,203885
2,0,1.95,0.115368,0,-1.34617,208651
2,0,1.95,0.115368,0,-1.34317,209263
2,0,1.95,0.115368,0,-1.34017,203555
2,0,1.95,0.115368,0,-1.33717,200268
2,0,1.95,0.115368,0,-1.33417,186591
2,0,1.95,0.115368,0,-1.33117,205719
2,0,1.95,0.115368,0,-1.32816,221547
2,0,1.95,0.115368,0,-1.32516,214609
2,0,1.95,0.115368,0,-1.32216,211161
2,0,1.95,0.115368,0,-1.31916,222208
2,0,1.95,0.115368,0,-1.31616,185514
2,0,1.95,0.115368,0,-1.31316,201006
2,0,1.95,0.115368,0,-1.31016,206667
2,0,1.95,0.115368,0,-1.30715,234822
2,0,1.95,0.115368,0,-1.30415,211386
2,0,1.95,0.115368,0,-1.30115,193139
2,0,1.95,0.115368,0,-1.29815,189497
2,0,1.95,0.115368,0,-1.29515,183879
2,0,1.95,0.115368,0,-1.29215,195410
2,0,1.95,0.115368,0,-1.28914,207774
2,0,1.95,0.115368,0,-1.28614,185777
2,0,1.95,0.115368,0,-1.28314,197984
2,0,1.95,0.115368,0,-1.28014,190618
2,0,1.95,0.115368,0,-1.27714,184977
2,0,1.95,0.115368,0,-1.27414,185768
2,0,1.95,0.115368,0,-1.27114,198621
2,0,1.95,0.115368,0,-1.26813,200513
2,0,1.95,0.115368,0,-1.26513,194243
2,0,1.95,0.115368,0,-1.26213,187346
2,0,1.95,0.115368,0,-1.25913,201218
2,0,1.95,0.115368,0,-1.25613,189501
2,0,1.95,0.115368,0,-1.25313,193904
2,0,1.95,0.115368,0,-1.25013,188214
2,0,1.95,0.115368,0,-1.24712,181588
2,0,1.95,0.115368,0,-1.24412,176350
2,0,1.95,0.115368,0,-1.24112,208922
2,0,1.95,0.115368,0,-1.23812,213913
2,0,1.95,0.115368,0,-1.23512,183180
2,0,1.95,0.115368,0,-1.23212,190565
2,0,1.95,0.115368,0,-1.22911,206892
2,0,1.95,0.115368,0,-1.22611,180750
2,0,1.95,0.115368,0,-1.22311,170381
2,0,1.95,0.115368,0,-1.22011,196799
2,0,1.95,0.115368,0,-1.21711,168039
2,0,1.95,0.115368,0,-1.21411,190447
2,0,1.95,0.115368,0,-1.21111,171113
2,0,1.95,0.115368,0,-1.2081,160905
2,0,1.95,0.115368,0,-1.2051,182398
2,0,1.95,0.115368,0,-1.2021,188103
2,0,1.95,0.115368,0,-1.1991,165232
2,0,1.95,0.115368,0,-1.1961,157245
2,0,1.95,0.115368,0,-1.1931,184086
2,0,1.95,0.115368,0,-1.1901,177951
2,0,1.95,0.115368,0,-1.18709,-150229
2,0,1.95,0.115368,0,-1.18409,-154102
2,0,1.95,0.115368,0,-1.18109,-162326
2,0,1.95,0.115368,0,-1.17809,-165705
2,0,1.95,0.115368,0,-1.17509,-163400
2,0,1.95,0.115368,0,-1.17209,-158326
2,0,1.95,0.115368,0,-1.16908,-175518
2,0,1.95,0.115368,0,-1.16608,-192557
2,0,1.95,0.115368,0,-1.16308,-179312
2,0,1.95,0.115368,0,-1.16008,-199436
2,0,1.95,0.115368,0,-1.15708,-187092
2,0,1.95,0.115368,0,-1.15408,-185469
2,0,1.95,0.115368,0,-1.15108,-196728
2,0,1.95,0.115368,0,-1.14807,-185795
2,0,1.95,0.115368,0,-1.14507,-181015
2,0,1.95,0.115368,0,-1.14207,-181301
2,0,1.95,0.115368,0,-1.13907,-179495
2,0,1.95,0.115368,0,-1.13607,-173998
2,0,1.95,0.115368,0,-1.13307,-181165
2,0,1.95,0.115368,0,-1.13007,-180020
2,0,1.95,0.115368,0,-1.12706,-203162
2,0,1.95,0.115368,0,-1.12406,-178821
2,0,1.95,0.115368,0,-1.12106,-188358
2,0,1.95,0.115368,0,-1.11806,-182187
2,0,1.95,0.115368,0,-1.11506,-189038
2,0,1.95,0.115368,0,-1.11206,-189973
2,0,1.95,0.115368,0,-1.10905,-211983
2,0,1.95,0.115368,0,-1.10605,-217989
2,0,1.95,0.115368,0,-1.10305,-189102
2,0,1.95,0.115368,0,-1.10005,-197897
2,0,1.95,0.115368,0,-1.09705,-196473
2,0,1.95,0.115368,0,-1.09405,-194241
2,0,1.95,0.115368,0,-1.09105,-190308
2,0,1.95,0.115368,0,-1.08804,-225360
2,0,1.95,0.115368,0,-1.08504,-231810
2,0,1.95,0.115368,0,-1.08204,-199755
2,0,1.95,0.115368,0,-1.07904,-190752
2,0,1.95,0.115368,0,-1.07604,-191130
2,0,1.95,0.115368,0,-1.07304,-193394
2,0,1.95,0.115368,0,-1.07004,-188406
2,0,1.95,0.115368,0,-1.06703,-188990
2,0,1.95,0.115368,0,-1.06403,-215747
2,0,1.95,0.115368,0,-1.06103,-187418
2,0,1.95,0.115368,0,-1.05803,-206123
2,0,1.95,0.115368,0,-1.05503,-221373
2,0,1.95,0.115368,0,-1.05203,-198531
2,0,1.95,0.115368,0,-1.04902,-198864
2,0,1.95,0.115368,0,-1.04602,-208020
2,0,1.95,0.115368,0,-1.04302,-207848
2,0,1.95,0.115368,0,-1.04002,-201935
2,0,1.95,0.115368,0,-1.03702,-215270
2,0,1.95,0.115368,0,-1.03402,-204408
2,0,1.95,0.115368,0,-1.03102,-195082
2,0,1.95,0.115368,0,-1.02801,-190917
2,0,1.95,0.115368,0,-1.02501,-196929
2,0,1.95,0.115368,0,-1.02201,-221045
2,0,1.95,0.115368,0,-1.01901,-194856
2,0,1.95,0.115368,0,-1.01601,-236287
2,0,1.95,0.115368,0,-1.01301,-207126
2,0,1.95,0.115368,0,-1.01001,-209940
2,0,1.95,0.115368,0,-1.007,-212359
2,0,1.95,0.115368,0,-1.004,-196757
2,0,1.95,0.115368,0,-1.001,-216036
2,0,1.95,0.115368,0,-0.997999,-242786
2,0,1.95,0.115368,0,-0.994997,-219638
2,0,1.95,0.115368,0,-0.991996,-209368
2,0,1.95,0.115368,0,-0.988994,-224971
2,0,1.95,0.115368,0,-0.985993,-197710
2,0,1.95,0.115368,0,-0.982991,-220385
2,0,1.95,0.115368,0,-0.97999,-198828
2,0,1.95,0.115368,0,-0.976988,-200190
2,0,1.95,0.115368,0,-0.973987,-233716
2,0,1.95,0.115368,0,-0.970985,-193879
2,0,1.95,0.115368,0,-0.967984,-205705
2,0,1.95,0.115368,0,-0.964982,-199517
2,0,1.95,0.115368,0,-0.961981,-200662
2,0,1.95,0.115368,0,-0.958979,-241904
2,0,1.95,0.115368,0,-0.955978,-193336
2,0,1.95,0.115368,0,-0.952976,-205697
2,0,1.95,0.115368,0,-0.949975,-196859
2,0,1.95,0.115368,0,-0.946973,-197579
2,0,1.95,0.115368,0,-0.943972,-243634
2,0,1.95,0.115368,0,-0.94097,-236937
2,0,1.95,0.115368,0,-0.937969,-198271
2,0,1.95,0.115368,0,-0.934967,-211804
2,0,1.95,0.115368,0,-0.931966,-239045
2,0,1.95,0.115368,0,-0.928964,-217071
2,0,1.95,0.115368,0,-0.925963,-217326
2,0,1.95,0.115368,0,-0.922961,-240322
2,0,1.95,0.115368,0,-0.91996,-240185
2,0,1.95,0.115368,0,-0.916958,-207712
2,0,1.95,0.115368,0,-0.913957,-195261
2,0,1.95,0.115368,0,-0.910955,-206075
2,0,1.95,0.115368,0,-0.907954,-201451
2,0,1.95,0.115368,0,-0.904952,-220080
2,0,1.95,0.115368,0,-0.901951,-200212
2,0,1.95,0.115368,0,-0.898949,-214803
2,0,1.95,0.115368,0,-0.895948,-202403
2,0,1.95,0.115368,0,-0.892946,-210941
2,0,1.95,0.115368,0,-0.889945,-205398
2,0,1.95,0.115368,0,-0.886943,-237396
2,0,1.95,0.115368,0,-0.883942,-211697
2,0,1.95,0.115368,0,-0.88094,-224637
2,0,1.95,0.115368,0,-0.877939,-209479
2,0,1.95,0.115368,0,-0.874937,-244223
2,0,1.95,0.115368,0,-0.871936,-211875
2,0,1.95,0.115368,0,-0.868934,-210722
2,0,1.95,0.115368,0,-0.865933,-239580
2,0,1.95,0.115368,0,-0.862931,-238106
2,0,1.95,0.115368,0,-0.85993,-237811
2,0,1.95,0.115368,0,-0.856928,-200865
2,0,1.95,0.115368,0,-0.853927,-202182
2,0,1.95,0.115368,0,-0.850925,-192377
2,0,1.95,0.115368,0,-0.847924,-221560
2,0,1.95,0.115368,0,-0.844922,-198963
2,0,1.95,0.115368,0,-0.841921,-196515
2,0,1.95,0.115368,0,-0.838919,-194396
2,0,1.95,0.115368,0,-0.835918,-200394
2,0,1.95,0.115368,0,-0.832916,-202015
2,0,1.95,0.115368,0,-0.829915,-202992
2,0,1.95,0.115368,0,-0.826913,-200926
2,0,1.95,0.115368,0,-0.823912,-198326
2,0,1.95,0.115368,0,-0.82091,-194987
2,0,1.95,0.115368,0,-0.817909,-239059
2,0,1.95,0.115368,0,-0.814907,-234386
2,0,1.95,0.115368,0,-0.811906,-192636
2,0,1.95,0.115368,0,-0.808904,-211720
2,0,1.95,0.115368,0,-0.805903,-219320
2,0,1.95,0.115368,0,-0.802901,-198852
2,0,1.95,0.115368,0,-0.7999,-211114
2,0,1.95,0.115368,0,-0.796898,-238836
2,0,1.95,0.115368,0,-0.793897,-234387
2,0,1.95,0.115368,0,-0.790895,-202521
2,0,1.95,0.115368,0,-0.787894,-202657
2,0,1.95,0.115368,0,-0.784892,-189154
2,0,1.95,0.115368,0,-0.781891,-185125
2,0,1.95,0.115368,0,-0.778889,-196206
2,0,1.95,0.115368,0,-0.775888,-185422
2,0,1.95,0.115368,0,-0.772886,-206409
2,0,1.95,0.115368,0,-0.769885,-204562
2,0,1.95,0.115368,0,-0.766883,-190923
2,0,1.95,0.115368,0,-0.763882,-191482
2,0,1.95,0.115368,0,-0.76088,-189946
2,0,1.95,0.115368,0,-0.757879,-208402
2,0,1.95,0.115368,0,-0.754877,-182111
2,0,1.95,0.115368,0,-0.751876,-198333
2,0,1.95,0.115368,0,-0.748874,-215219
2,0,1.95,0.115368,0,-0.745873,-198709
2,0,1.95,0.115368,0,-0.742871,-206682
2,0,1.95,0.115368,0,-0.73987,-220569
2,0,1.95,0.115368,0,-0.736868,-179525
2,0,1.95,0.115368,0,-0.733867,-188842
2,0,1.95,0.115368,0,-0.730865,-201598
2,0,1.95,0.115368,0,-0.727864,-211642
2,0,1.95,0.115368,0,-0.724862,-196614
2,0,1.95,0.115368,0,-0.721861,-179444
2,0,1.95,0.115368,0,-0.718859,-205033
2,0,1.95,0.115368,0,-0.715858,-192514
2,0,1.95,0.115368,0,-0.712856,-176794
2,0,1.95,0.115368,0,-0.709855,-174559
2,0,1.95,0.115368,0,-0.706853,-180212
2,0,1.95,0.115368,0,-0.703852,-180791
2,0,1.95,0.115368,0,-0.70085,-164936
2,0,1.95,0.115368,0,-0.697849,-170554
2,0,1.95,0.115368,0,-0.694847,-164240
2,0,1.95,0.115368,0,-0.691846,-159482
2,0,1.95,0.115368,0,-0.688844,-159122
2,0,1.95,0.115368,0,-0.685843,-154867
2,0,1.95,0.115368,0,-0.682841,-151435
2,0,1.95,0.115368,0,-0.67984,-162843
2,0,1.95,0.115368,0,-0.676838,141822
2,0,1.95,0.115368,0,-0.673837,149496
2,0,1.95,0.115368,0,-0.670835,169123
2,0,1.95,0.115368,0,-0.667834,187914
2,0,1.95,0.115368,0,-0.664832,193190
2,0,1.95,0.115368,0,-0.661831,193699
2,0,1.95,0.115368,0,-0.658829,177535
2,0,1.95,0.115368,0,-0.655828,174212
2,0,1.95,0.115368,0,-0.652826,202306
2,0,1.95,0.115368,0,-0.649825,172869
2,0,1.95,0.115368,0,-0.646823,191232
2,0,1.95,0.115368,0,-0.643822,194188
2,0,1.95,0.115368,0,-0.64082,176344
2,0,1.95,0.115368,0,-0.637819,224855
2,0,1.95,0.115368,0,-0.634817,218988
2,0,1.95,0.115368,0,-0.631816,181499
2,0,1.95,0.115368,0,-0.628814,200778
2,0,1.95,0.115368,0,-0.625813,212479
2,0,1.95,0.115368,0,-0.622811,191103
2,0,1.95,0.115368,0,-0.61981,194926
2,0,1.95,0.115368,0,-0.616808,192240
2,0,1.95,0.115368,0,-0.613807,192244
2,0,1.95,0.115368,0,-0.610805,180561
2,0,1.95,0.115368,0,-0.607804,210974
2,0,1.95,0.115368,0,-0.604802,192536
2,0,1.95,0.115368,0,-0.601801,196377
2,0,1.95,0.115368,0,-0.598799,193113
2,0,1.95,0.115368,0,-0.595798,186538
2,0,1.95,0.115368,0,-0.592796,222332
2,0,1.95,0.115368,0,-0.589795,199991
2,0,1.95,0.115368,0,-0.586793,216839
2,0,1.95,0.115368,0,-0.583792,207662
2,0,1.95,0.115368,0,-0.58079,202891
2,0,1.95,0.115368,0,-0.577789,188813
2,0,1.95,0.115368,0,-0.574787,190356
2,0,1.95,0.115368,0,-0.571786,201797
2,0,1.95,0.115368,0,-0.568784,220150
2,0,1.95,0.115368,0,-0.565783,209298
2,0,1.95,0.115368,0,-0.562781,215968
2,0,1.95,0.115368,0,-0.55978,192458
2,0,1.95,0.115368,0,-0.556778,227437
2,0,1.95,0.115368,0,-0.553777,198129
2,0,1.95,0.115368,0,-0.550775,203494
2,0,1.95,0.115368,0,-0.547774,209617
2,0,1.95,0.115368,0,-0.544772,198667
2,0,1.95,0.115368,0,-0.541771,218485
2,0,1.95,0.115368,0,-0.538769,220494
2,0,1.95,0.115368,0,-0.535768,197077
2,0,1.95,0.115368,0,-0.532766,226668
2,0,1.95,0.115368,0,-0.529765,221241
2,0,1.95,0.115368,0,-0.526763,202241
2,0,1.95,0.115368,0,-0.523762,232408
2,0,1.95,0.115368,0,-0.52076,204534
2,0,1.95,0.115368,0,-0.517759,202173
2,0,1.95,0.115368,0,-0.514757,213537
2,0,1.95,0.115368,0,-0.511756,210174
2,0,1.95,0.115368,0,-0.508754,204179
2,0,1.95,0.115368,0,-0.505753,213191
2,0,1.95,0.115368,0,-0.502751,214555
2,0,1.95,0.115368,0,-0.49975,203893
2,0,1.95,0.115368,0,-0.496748,194059
2,0,1.95,0.115368,0,-0.493747,196291
2,0,1.95,0.115368,0,-0.490745,202041
2,0,1.95,0.115368,0,-0.487744,205383
2,0,1.95,0.115368,0,-0.484742,202326
2,0,1.95,0.115368,0,-0.481741,220987
2,0,1.95,0.115368,0,-0.478739,202525
2,0,1.95,0.115368,0,-0.475738,202994
2,0,1.95,0.115368,0,-0.472736,202386
2,0,1.95,0.115368,0,-0.469735,204277
2,0,1.95,0.115368,0,-0.466733,214842
2,0,1.95,0.115368,0,-0.463732,207571
2,0,1.95,0.115368,0,-0.46073,196020
2,0,1.95,0.115368,0,-0.457729,208604
2,0,1.95,0.115368,0,-0.454727,203047
2,0,1.95,0.115368,0,-0.451726,198700
2,0,1.95,0.115368,0,-0.448724,211361
2,0,1.95,0.115368,0,-0.445723,211703
2,0,1.95,0.115368,0,-0.442721,200454
2,0,1.95,0.115368,0,-0.43972,246202
2,0,1.95,0.115368,0,-0.436718,221770
2,0,1.95,0.115368,0,-0.433717,220864
2,0,1.95,0.115368,0,-0.430715,202328
2,0,1.95,0.115368,0,-0.427714,215513
2,0,1.95,0.115368,0,-0.424712,212129
2,0,1.95,0.115368,0,-0.421711,248085
2,0,1.95,0.115368,0,-0.418709,222310
2,0,1.95,0.115368,0,-0.415708,202583
2,0,1.95,0.115368,0,-0.412706,201242
2,0,1.95,0.115368,0,-0.409705,247020
2,0,1.95,0.115368,0,-0.406703,211349
2,0,1.95,0.115368,0,-0.403702,212884
2,0,1.95,0.115368,0,-0.4007,219485
2,0,1.95,0.115368,0,-0.397699,210666
2,0,1.95,0.115368,0,-0.394697,227162
2,0,1.95,0.115368,0,-0.391696,219555
2,0,1.95,0.115368,0,-0.388694,197327
2,0,1.95,0.115368,0,-0.385693,208174
2,0,1.95,0.115368,0,-0.382691,212520
2,0,1.95,0.115368,0,-0.37969,198839
2,0,1.95,0.115368,0,-0.376688,208071
2,0,1.95,0.115368,0,-0.373687,218233
2,0,1.95,0.115368,0,-0.370685,201874
2,0,1.95,0.115368,0,-0.367684,201686
2,0,1.95,0.115368,0,-0.364682,201765
2,0,1.95,0.115368,0,-0.361681,200088
2,0,1.95,0.115368,0,-0.358679,226086
2,0,1.95,0.115368,0,-0.355678,214808
2,0,1.95,0.115368,0,-0.352676,196304
2,0,1.95,0.115368,0,-0.349675,196989
2,0,1.95,0.115368,0,-0.346673,216657
2,0,1.95,0.115368,0,-0.343672,218739
2,0,1.95,0.115368,0,-0.34067,199521
2,0,1.95,0.115368,0,-0.337669,207631
2,0,1.95,0.115368,0,-0.334667,211804
2,0,1.95,0.115368,0,-0.331666,213850
2,0,1.95,0.115368,0,-0.328664,204612
2,0,1.95,0.115368,0,-0.325663,193431
2,0,1.95,0.115368,0,-0.322661,194199
2,0,1.95,0.115368,0,-0.31966,200508
2,0,1.95,0.115368,0,-0.316658,223516
2,0,1.95,0.115368,0,-0.313657,193508
2,0,1.95,0.115368,0,-0.310655,210279
2,0,1.95,0.115368,0,-0.307654,199971
2,0,1.95,0.115368,0,-0.304652,208045
2,0,1.95,0.115368,0,-0.301651,190215
2,0,1.95,0.115368,0,-0.298649,199077
2,0,1.95,0.115368,0,-0.295648,212607
2,0,1.95,0.115368,0,-0.292646,190748
2,0,1.95,0.115368,0,-0.289645,186097
2,0,1.95,0.115368,0,-0.286643,220728
2,0,1.95,0.115368,0,-0.283642,190693
2,0,1.95,0.115368,0,-0.28064,198640
2,0,1.95,0.115368,0,-0.277639,218833
2,0,1.95,0.115368,0,-0.274637,204318
2,0,1.95,0.115368,0,-0.271636,197224
2,0,1.95,0.115368,0,-0.268634,227452
2,0,1.95,0.115368,0,-0.265633,188448
2,0,1.95,0.115368,0,-0.262631,203614
2,0,1.95,0.115368,0,-0.25963,191906
2,0,1.95,0.115368,0,-0.256628,226306
2,0,1.95,0.115368,0,-0.253627,186512
2,0,1.95,0.115368,0,-0.250625,178592
2,0,1.95,0.115368,0,-0.247624,190496
2,0,1.95,0.115368,0,-0.244622,192931
2,0,1.95,0.115368,0,-0.241621,189660
2,0,1.95,0.115368,0,-0.238619,177359
2,0,1.95,0.115368,0,-0.235618,189567
2,0,1.95,0.115368,0,-0.232616,187012
2,0,1.95,0.115368,0,-0.229615,174731
2,0,1.95,0.115368,0,-0.226613,169864
2,0,1.95,0.115368,0,-0.223612,187952
2,0,1.95,0.115368,0,-0.22061,190657
2,0,1.95,0.115368,0,-0.217609,175237
2,0,1.95,0.115368,0,-0.214607,187503
2,0,1.95,0.115368,0,-0.211606,182267
2,0,1.95,0.115368,0,-0.208604,158625
2,0,1.95,0.115368,0,-0.205603,162587
2,0,1.95,0.115368,0,-0.202601,145745
2,0,1.95,0.115368,0,-0.1996,-167315
2,0,1.95,0.115368,0,-0.196598,-178618
2,0,1.95,0.115368,0,-0.193597,-171887
2,0,1.95,0.115368,0,-0.190595,-195727
2,0,1.95,0.115368,0,-0.187594,-188786
2,0,1.95,0.115368,0,-0.184592,-182183
2,0,1.95,0.115368,0,-0.181591,-168348
2,0,1.95,0.115368,0,-0.178589,-175157
2,0,1.95,0.115368,0,-0.175588,-182440
2,0,1.95,0.115368,0,-0.172586,-175131
2,0,1.95,0.115368,0,-0.169585,-174230
2,0,1.95,0.115368,0,-0.166583,-178076
2,0,1.95,0.115368,0,-0.163582,-180538
2,0,1.95,0.115368,0,-0.16058,-196799
2,0,1.95,0.115368,0,-0.157579,-181778
2,0,1.95,0.115368,0,-0.154577,-228379
2,0,1.95,0.115368,0,-0.151576,-179691
2,0,1.95,0.115368,0,-0.148574,-183184
2,0,1.95,0.115368,0,-0.145573,-198325
2,0,1.95,0.115368,0,-0.142571,-217328
2,0,1.95,0.115368,0,-0.13957,-200082
2,0,1.95,0.115368,0,-0.136568,-229502
2,0,1.95,0.115368,0,-0.133567,-192695
2,0,1.95,0.115368,0,-0.130565,-204319
2,0,1.95,0.115368,0,-0.127564,-186462
2,0,1.95,0.115368,0,-0.124562,-195589
2,0,1.95,0.115368,0,-0.121561,-217097
2,0,1.95,0.115368,0,-0.118559,-214141
2,0,1.95,0.115368,0,-0.115558,-205523
2,0,1.95,0.115368,0,-0.112556,-198160
2,0,1.95,0.115368,0,-0.109555,-193252
2,0,1.95,0.115368,0,-0.106553,-203010
2,0,1.95,0.115368,0,-0.103552,-219440
2,0,1.95,0.115368,0,-0.10055,-200218
2,0,1.95,0.115368,0,-0.0975488,-200901
2,0,1.95,0.115368,0,-0.0945473,-208688
2,0,1.95,0.115368,0,-0.0915458,-212196
2,0,1.95,0.115368,0,-0.0885443,-197430
2,0,1.95,0.115368,0,-0.0855428,-193171
2,0,1.95,0.115368,0,-0.0825413,-215448
2,0,1.95,0.115368,0,-0.0795398,-196628
2,0,1.95,0.115368,0,-0.0765383,-196377
2,0,1.95,0.115368,0,-0.0735368,-200126
2,0,1.95,0.115368,0,-0.0705353,-192263
2,0,1.95,0.115368,0,-0.0675338,-220147
2,0,1.95,0.115368,0,-0.0645323,-217802
2,0,1.95,0.115368,0,-0.0615308,-193304
2,0,1.95,0.115368,0,-0.0585293,-202799
2,0,1.95,0.115368,0,-0.0555278,-206858
2,0,1.95,0.115368,0,-0.0525263,-232244
2,0,1.95,0.115368,0,-0.0495248,-199417
2,0,1.95,0.115368,0,-0.0465233,-230596
2,0,1.95,0.115368,0,-0.0435218,-203950
2,0,1.95,0.115368,0,-0.0405203,-236225
2,0,1.95,0.115368,0,-0.0375188,-207825
2,0,1.95,0.115368,0,-0.0345173,-209133
2,0,1.95,0.115368,0,-0.0315158,-213861
2,0,1.95,0.115368,0,-0.0285143,-220931
2,0,1.95,0.115368,0,-0.0255128,-212604
2,0,1.95,0.115368,0,-0.0225113,-214710
2,0,1.95,0.115368,0,-0.0195098,-196807
2,0,1.95,0.115368,0,-0.0165083,-228862
2,0,1.95,0.115368,0,-0.0135068,-199631
2,0,1.95,0.115368,0,-0.0105053,-224718
2,0,1.95,0.115368,0,-0.00750375,-203750
2,0,1.95,0.115368,0,-0.00450225,-220536
2,0,1.95,0.115368,0,-0.00150075,-204236
2,0,1.95,0.115368,0,0.00150075,-200570
2,0,1.95,0.115368,0,0.00450225,-210437
2,0,1.95,0.115368,0,0.00750375,-229509
2,0,1.95,0.115368,0,0.0105053,-217307
2,0,1.95,0.115368,0,0.0135068,-237973
2,0,1.95,0.115368,0,0.0165083,-205718
2,0,1.95,0.115368,0,0.0195098,-201520
2,0,1.95,0.115368,0,0.0225113,-198943
2,0,1.95,0.115368,0,0.0255128,-232916
2,0,1.95,0.115368,0,0.0285143,-237458
2,0,1.95,0.115368,0,0.0315158,-208180
2,0,1.95,0.115368,0,0.0345173,-200878
2,0,1.95,0.115368,0,0.0375188,-207709
2,0,1.95,0.115368,0,0.0405203,-231404
2,0,1.95,0.115368,0,0.0435218,-241029
2,0,1.95,0.115368,0,0.0465233,-197052
2,0,1.95,0.115368,0,0.0495248,-205867
2,0,1.95,0.115368,0,0.0525263,-201469
2,0,1.95,0.115368,0,0.0555278,-228300
2,0,1.95,0.115368,0,0.0585293,-201608
2,0,1.95,0.115368,0,0.0615308,-200991
2,0,1.95,0.115368,0,0.0645323,-202341
2,0,1.95,0.115368,0,0.0675338,-199977
2,0,1.95,0.115368,0,0.0705353,-214781
2,0,1.95,0.115368,0,0.0735368,-196429
2,0,1.95,0.115368,0,0.0765383,-197662
2,0,1.95,0.115368,0,0.0795398,-200052
2,0,1.95,0.115368,0,0.0825413,-198414
2,0,1.95,0.115368,0,0.0855428,-243704
2,0,1.95,0.115368,0,0.0885443,-226775
2,0,1.95,0.115368,0,0.0915458,-238512
2,0,1.95,0.115368,0,0.0945473,-214374
2,0,1.95,0.115368,0,0.0975488,-238109
2,0,1.95,0.115368,0,0.10055,-208762
2,0,1.95,0.115368,0,0.103552,-204884
2,0,1.95,0.115368,0,0.106553,-198481
2,0,1.95,0.115368,0,0.109555,-193119
2,0,1.95,0.115368,0,0.112556,-214824
2,0,1.95,0.115368,0,0.115558,-194505
2,0,1.95,0.115368,0,0.118559,-199204
2,0,1.95,0.115368,0,0.121561,-206548
2,0,1.95,0.115368,0,0.124562,-209658
2,0,1.95,0.115368,0,0.127564,-225839
2,0,1.95,0.115368,0,0.130565,-229221
2,0,1.95,0.115368,0,0.133567,-197377
2,0,1.95,0.115368,0,0.136568,-189313
2,0,1.95,0.115368,0,0.13957,-201478
2,0,1.95,0.115368,0,0.142571,-192276
2,0,1.95,0.115368,0,0.145573,-224456
2,0,1.95,0.115368,0,0.148574,-210395
2,0,1.95,0.115368,0,0.151576,-191944
2,0,1.95,0.115368,0,0.154577,-217358
2,0,1.95,0.115368,0,0.157579,-206500
2,0,1.95,0.115368,0,0.16058,-187810
2,0,1.95,0.115368,0,0.163582,-222104
2,0,1.95,0.115368,0,0.166583,-185548
2,0,1.95,0.115368,0,0.169585,-199145
2,0,1.95,0.115368,0,0.172586,-227821
2,0,1.95,0.115368,0,0.175588,-202336
2,0,1.95,0.115368,0,0.178589,-182453
2,0,1.95,0.115368,0,0.181591,-205953
2,0,1.95,0.115368,0,0.184592,-181085
2,0,1.95,0.115368,0,0.187594,-178113
2,0,1.95,0.115368,0,0.190595,-201733
2,0,1.95,0.115368,0,0.193597,-202134
2,0,1.95,0.115368,0,0.196598,-186072
2,0,1.95,0.115368,0,0.1996,-175742
2,0,1.95,0.115368,0,0.202601,-171889
2,0,1.95,0.115368,0,0.205603,-216365
2,0,1.95,0.115368,0,0.208604,-185676
2,0,1.95,0.115368,0,0.211606,-169468
2,0,1.95,0.115368,0,0.214607,-204612
2,0,1.95,0.115368,0,0.217609,-189460
2,0,1.95,0.115368,0,0.22061,-199906
2,0,1.95,0.115368,0,0.223612,-154219
2,0,1.95,0.115368,0,0.226613,-158436
2,0,1.95,0.115368,0,0.229615,149702
2,0,1.95,0.115368,0,0.232616,162871
2,0,1.95,0.115368,0,0.235618,185485
2,0,1.95,0.115368,0,0.238619,182258
2,0,1.95,0.115368,0,0.241621,174761
2,0,1.95,0.115368,0,0.244622,180188
2,0,1.95,0.115368,0,0.247624,193354
2,0,1.95,0.115368,0,0.250625,186769
2,0,1.95,0.115368,0,0.253627,212597
2,0,1.95,0.115368,0,0.256628,187523
2,0,1.95,0.115368,0,0.25963,216005
2,0,1.95,0.115368,0,0.262631,177668
2,0,1.95,0.115368,0,0.265633,189208
2,0,1.95,0.115368,0,0.268634,182984
2,0,1.95,0.115368,0,0.271636,221632
2,0,1.95,0.115368,0,0.274637,201060
2,0,1.95,0.115368,0,0.277639,185539
2,0,1.95,0.115368,0,0.28064,185234
2,0,1.95,0.115368,0,0.283642,205430
2,0,1.95,0.115368,0,0.286643,205948
2,0,1.95,0.115368,0,0.289645,185349
2,0,1.95,0.115368,0,0.292646,229816
2,0,1.95,0.115368,0,0.295648,205870
2,0,1.95,0.115368,0,0.298649,204436
2,0,1.95,0.115368,0,0.301651,199111
2,0,1.95,0.115368,0,0.304652,207306
2,0,1.95,0.115368,0,0.307654,198517
2,0,1.95,0.115368,0,0.310655,192818
2,0,1.95,0.115368,0,0.313657,197307
2,0,1.95,0.115368,0,0.316658,232666
2,0,1.95,0.115368,0,0.31966,200997
2,0,1.95,0.115368,0,0.322661,190232
2,0,1.95,0.115368,0,0.325663,219771
2,0,1.95,0.115368,0,0.328664,195260
2,0,1.95,0.115368,0,0.331666,208268
2,0,1.95,0.115368,0,0.334667,205169
2,0,1.95,0.115368,0,0.337669,211399
2,0,1.95,0.115368,0,0.34067,219340
2,0,1.95,0.115368,0,0.343672,209414
2,0,1.95,0.115368,0,0.346673,193040
2,0,1.95,0.115368,0,0.349675,222828
2,0,1.95,0.115368,0,0.352676,214881
2,0,1.95,0.115368,0,0.355678,202442
2,0,1.95,0.115368,0,0.358679,205729
2,0,1.95,0.115368,0,0.361681,209553
2,0,1.95,0.115368,0,0.364682,197712
2,0,1.95,0.115368,0,0.367684,203266
2,0,1.95,0.115368,0,0.370685,240877
2,0,1.95,0.115368,0,0.373687,244135
2,0,1.95,0.115368,0,0.376688,200730
2,0,1.95,0.115368,0,0.37969,202953
2,0,1.95,0.115368,0,0.382691,204877
2,0,1.95,0.115368,0,0.385693,224592
2,0,1.95,0.115368,0,0.388694,203263
2,0,1.95,0.115368,0,0.391696,229732
2,0,1.95,0.115368,0,0.394697,201763
2,0,1.95,0.115368,0,0.397699,208433
2,0,1.95,0.115368,0,0.4007,198795
2,0,1.95,0.115368,0,0.403702,209349
2,0,1.95,0.115368,0,0.406703,211389
2,0,1.95,0.115368,0,0.409705,198871
2,0,1.95,0.115368,0,0.412706,211803
2,0,1.95,0.115368,0,0.415708,202562
2,0,1.95,0.115368,0,0.418709,199021
2,0,1.95,0.115368,0,0.421711,199063
2,0,1.95,0.115368,0,0.424712,208377
2,0,1.95,0.115368,0,0.427714,219712
2,0,1.95,0.115368,0,0.430715,201582
2,0,1.95,0.115368,0,0.433717,204079
2,0,1.95,0.115368,0,0.436718,206905
2,0,1.95,0.115368,0,0.43972,197710
2,0,1.95,0.115368,0,0.442721,201479
2,0,1.95,0.115368,0,0.445723,217770
2,0,1.95,0.115368,0,0.448724,202564
2,0,1.95,0.115368,0,0.451726,201961
2,0,1.95,0.115368,0,0.454727,211262
2,0,1.95,0.115368,0,0.457729,202961
2,0,1.95,0.115368,0,0.46073,219544
2,0,1.95,0.115368,0,0.463732,202178
2,0,1.95,0.115368,0,0.466733,207955
2,0,1.95,0.115368,0,0.469735,224679
2,0,1.95,0.115368,0,0.472736,242444
2,0,1.95,0.115368,0,0.475738,230103
2,0,1.95,0.115368,0,0.478739,196960
2,0,1.95,0.115368,0,0.481741,200936
2,0,1.95,0.115368,0,0.484742,206039
2,0,1.95,0.115368,0,0.487744,200306
2,0,1.95,0.115368,0,0.490745,199650
2,0,1.95,0.115368,0,0.493747,216738
2,0,1.95,0.115368,0,0.496748,213785
2,0,1.95,0.115368,0,0.49975,218426
2,0,1.95,0.115368,0,0.502751,206614
2,0,1.95,0.115368,0,0.505753,216985
2,0,1.95,0.115368,0,0.508754,202626
2,0,1.95,0.115368,0,0.511756,217695
2,0,1.95,0.115368,0,0.514757,199886
2,0,1.95,0.115368,0,0.517759,207299
2,0,1.95,0.115368,0,0.52076,216569
2,0,1.95,0.115368,0,0.523762,196258
2,0,1.95,0.115368,0,0.526763,222640
2,0,1.95,0.115368,0,0.529765,193040
2,0,1.95,0.115368,0,0.532766,198631
2,0,1.95,0.115368,0,0.535768,195648
2,0,1.95,0.115368,0,0.538769,190166
2,0,1.95,0.115368,0,0.541771,196951
2,0,1.95,0.115368,0,0.544772,185303
2,0,1.95,0.115368,0,0.547774,211258
2,0,1.95,0.115368,0,0.550775,188284
2,0,1.95,0.115368,0,0.553777,208545
2,0,1.95,0.115368,0,0.556778,182663
2,0,1.95,0.115368,0,0.55978,186223
2,0,1.95,0.115368,0,0.562781,206587
2,0,1.95,0.115368,0,0.565783,204239
2,0,1.95,0.115368,0,0.568784,182660
2,0,1.95,0.115368,0,0.571786,208423
2,0,1.95,0.115368,0,0.574787,180056
2,0,1.95,0.115368,0,0.577789,175375
2,0,1.95,0.115368,0,0.58079,172534
2,0,1.95,0.115368,0,0.583792,187605
2,0,1.95,0.115368,0,0.586793,182337
2,0,1.95,0.115368,0,0.589795,165246
2,0,1.95,0.115368,0,0.592796,-159341
2,0,1.95,0.115368,0,0.595798,-161442
2,0,1.95,0.115368,0,0.598799,-175797
2,0,1.95,0.115368,0,0.601801,-195340
2,0,1.95,0.115368,0,0.604802,-180954
2,0,1.95,0.115368,0,0.607804,-179999
2,0,1.95,0.115368,0,0.610805,-199905
2,0,1.95,0.115368,0,0.613807,-179856
2,0,1.95,0.115368,0,0.616808,-185042
2,0,1.95,0.115368,0,0.61981,-220531
2,0,1.95,0.115368,0,0.622811,-193593
2,0,1.95,0.115368,0,0.625813,-188451
2,0,1.95,0.115368,0,0.628814,-186433
2,0,1.95,0.115368,0,0.631816,-197053
2,0,1.95,0.115368,0,0.634817,-184864
2,0,1.95,0.115368,0,0.637819,-221875
2,0,1.95,0.115368,0,0.64082,-195972
2,0,1.95,0.115368,0,0.643822,-212353
2,0,1.95,0.115368,0,0.646823,-187244
2,0,1.95,0.115368,0,0.649825,-208473
2,0,1.95,0.115368,0,0.652826,-200866
2,0,1.95,0.115368,0,0.655828,-227469
2,0,1.95,0.115368,0,0.658829,-204409
2,0,1.95,0.115368,0,0.661831,-210315
2,0,1.95,0.115368,0,0.664832,-199323
2,0,1.95,0.115368,0,0.667834,-204457
2,0,1.95,0.115368,0,0.670835,-212811
2,0,1.95,0.115368,0,0.673837,-207387
2,0,1.95,0.115368,0,0.676838,-242734
2,0,1.95,0.115368,0,0.67984,-194841
2,0,1.95,0.115368,0,0.682841,-199501
2,0,1.95,0.115368,0,0.685843,-205890
2,0,1.95,0.115368,0,0.688844,-209175
2,0,1.95,0.115368,0,0.691846,-209667
2,0,1.95,0.115368,0,0.694847,-200404
2,0,1.95,0.115368,0,0.697849,-205501
2,0,1.95,0.115368,0,0.70085,-197851
2,0,1.95,0.115368,0,0.703852,-221350
2,0,1.95,0.115368,0,0.706853,-203933
2,0,1.95,0.115368,0,0.709855,-207728
2,0,1.95,0.115368,0,0.712856,-216575
2,0,1.95,0.115368,0,0.715858,-211416
2,0,1.95,0.115368,0,0.718859,-215134
2,0,1.95,0.115368,0,0.721861,-221724
2,0,1.95,0.115368,0,0.724862,-220133
2,0,1.95,0.115368,0,0.727864,-229226
2,0,1.95,0.115368,0,0.730865,-229371
2,0,1.95,0.115368,0,0.733867,-202894
2,0,1.95,0.115368,0,0.736868,-202549
2,0,1.95,0.115368,0,0.73987,-208580
2,0,1.95,0.115368,0,0.742871,-207258
2,0,1.95,0.115368,0,0.745873,-212905
2,0,1.95,0.115368,0,0.748874,-211385
2,0,1.95,0.115368,0,0.751876,-201638
2,0,1.95,0.115368,0,0.754877,-222395
2,0,1.95,0.115368,0,0.757879,-242704
2,0,1.95,0.115368,0,0.76088,-201231
2,0,1.95,0.115368,0,0.763882,-230180
2,0,1.95,0.115368,0,0.766883,-210752
2,0,1.95,0.115368,0,0.769885,-216163
2,0,1.95,0.115368,0,0.772886,-249779
2,0,1.95,0.115368,0,0.775888,-240450
2,0,1.95,0.115368,0,0.778889,-213249
2,0,1.95,0.115368,0,0.781891,-202325
2,0,1.95,0.115368,0,0.784892,-217559
2,0,1.95,0.115368,0,0.787894,-211960
2,0,1.95,0.115368,0,0.790895,-211432
2,0,1.95,0.115368,0,0.793897,-213600
2,0,1.95,0.115368,0,0.796898,-207507
2,0,1.95,0.115368,0,0.7999,-210521
2,0,1.95,0.115368,0,0.802901,-207077
2,0,1.95,0.115368,0,0.805903,-205212
2,0,1.95,0.115368,0,0.808904,-229133
2,0,1.95,0.115368,0,0.811906,-228657
2,0,1.95,0.115368,0,0.814907,-219783
2,0,1.95,0.115368,0,0.817909,-219307
2,0,1.95,0.115368,0,0.82091,-222632
2,0,1.95,0.115368,0,0.823912,-245108
2,0,1.95,0.115368,0,0.826913,-199553
2,0,1.95,0.115368,0,0.829915,-212459
2,0,1.95,0.115368,0,0.832916,-243945
2,0,1.95,0.115368,0,0.835918,-199749
2,0,1.95,0.115368,0,0.838919,-223032
2,0,1.95,0.115368,0,0.841921,-200051
2,0,1.95,0.115368,0,0.844922,-212681
2,0,1.95,0.115368,0,0.847924,-210252
2,0,1.95,0.115368,0,0.850925,-205215
2,0,1.95,0.115368,0,0.853927,-196779
2,0,1.95,0.115368,0,0.856928,-197021
2,0,1.95,0.115368,0,0.85993,-233504
2,0,1.95,0.115368,0,0.862931,-195038
2,0,1.95,0.115368,0,0.865933,-192831
2,0,1.95,0.115368,0,0.868934,-201035
2,0,1.95,0.115368,0,0.871936,-192279
2,0,1.95,0.115368,0,0.874937,-191037
2,0,1.95,0.115368,0,0.877939,-206015
2,0,1.95,0.115368,0,0.88094,-192155
2,0,1.95,0.115368,0,0.883942,-190510
2,0,1.95,0.115368,0,0.886943,-192112
2,0,1.95,0.115368,0,0.889945,-196886
2,0,1.95,0.115368,0,0.892946,-187281
2,0,1.95,0.115368,0,0.895948,-181655
2,0,1.95,0.115368,0,0.898949,-189462
2,0,1.95,0.115368,0,0.901951,-183951
2,0,1.95,0.115368,0,0.904952,-177950
2,0,1.95,0.115368,0,0.907954,-202594
2,0,1.95,0.115368,0,0.910955,-172432
2,0,1.95,0.115368,0,0.913957,-161922
2,0,1.95,0.115368,0,0.916958,149725
2,0,1.95,0.115368,0,0.91996,194717
2,0,1.95,0.115368,0,0.922961,184881
2,0,1.95,0.115368,0,0.925963,178715
2,0,1.95,0.115368,0,0.928964,173641
2,0,1.95,0.115368,0,0.931966,184298
2,0,1.95,0.115368,0,0.934967,196042
2,0,1.95,0.115368,0,0.937969,210776
2,0,1.95,0.115368,0,0.94097,223546
2,0,1.95,0.115368,0,0.943972,203721
2,0,1.95,0.115368,0,0.946973,184872
2,0,1.95,0.115368,0,0.949975,204823
2,0,1.95,0.115368,0,0.952976,190005
2,0,1.95,0.115368,0,0.955978,191016
2,0,1.95,0.115368,0,0.958979,203006
2,0,1.95,0.115368,0,0.961981,231486
2,0,1.95,0.115368,0,0.964982,201091
2,0,1.95,0.115368,0,0.967984,204085
2,0,1.95,0.115368,0,0.970985,227304
2,0,1.95,0.115368,0,0.973987,197168
2,0,1.95,0.115368,0,0.976988,200893
2,0,1.95,0.115368,0,0.97999,213741
2,0,1.95,0.115368,0,0.982991,219122
2,0,1.95,0.115368,0,0.985993,201549
2,0,1.95,0.115368,0,0.988994,208122
2,0,1.95,0.115368,0,0.991996,216148
2,0,1.95,0.115368,0,0.994997,207771
2,0,1.95,0.115368,0,0.997999,225981
2,0,1.95,0.115368,0,1.001,204852
2,0,1.95,0.115368,0,1.004,203515
2,0,1.95,0.115368,0,1.007,223806
2,0,1.95,0.115368,0,1.01001,203681
2,0,1.95,0.115368,0,1.01301,211296
2,0,1.95,0.115368,0,1.01601,212994
2,0,1.95,0.115368,0,1.01901,214710
2,0,1.95,0.115368,0,1.02201,215058
2,0,1.95,0.115368,0,1.02501,209112
2,0,1.95,0.115368,0,1.02801,218192
2,0,1.95,0.115368,0,1.03102,210219
2,0,1.95,0.115368,0,1.03402,214936
2,0,1.95,0.115368,0,1.03702,227072
2,0,1.95,0.115368,0,1.04002,209040
2,0,1.95,0.115368,0,1.04302,213395
2,0,1.95,0.115368,0,1.04602,209572
2,0,1.95,0.115368,0,1.04902,229542
2,0,1.95,0.115368,0,1.05203,221339
2,0,1.95,0.115368,0,1.05503,232759
2,0,1.95,0.115368,0,1.05803,238614
2,0,1.95,0.115368,0,1.06103,235904
2,0,1.95,0.115368,0,1.06403,231332
2,0,1.95,0.115368,0,1.06703,217089
2,0,1.95,0.115368,0,1.07004,216304
2,0,1.95,0.115368,0,1.07304,213951
2,0,1.95,0.115368,0,1.07604,213319
2,0,1.95,0.115368,0,1.07904,217566
2,0,1.95,0.115368,0,1.08204,221958
2,0,1.95,0.115368,0,1.08504,230978
2,0,1.95,0.115368,0,1.08804,225794
2,0,1.95,0.115368,0,1.09105,218453
2,0,1.95,0.115368,0,1.09405,223570
2,0,1.95,0.115368,0,1.09705,223848
2,0,1.95,0.115368,0,1.10005,220843
2,0,1.95,0.115368,0,1.10305,216547
2,0,1.95,0.115368,0,1.10605,216437
2,0,1.95,0.115368,0,1.10905,220662
2,0,1.95,0.115368,0,1.11206,227591
2,0,1.95,0.115368,0,1.11506,216457
2,0,1.95,0.115368,0,1.11806,239366
2,0,1.95,0.115368,0,1.12106,237646
2,0,1.95,0.115368,0,1.12406,236076
2,0,1.95,0.115368,0,1.12706,226072
2,0,1.95,0.115368,0,1.13007,229950
2,0,1.95,0.115368,0,1.13307,230333
2,0,1.95,0.115368,0,1.13607,229936
2,0,1.95,0.115368,0,1.13907,215780
2,0,1.95,0.115368,0,1.14207,215410
2,0,1.95,0.115368,0,1.14507,217592
2,0,1.95,0.115368,0,1.14807,206182
2,0,1.95,0.115368,0,1.15108,228266
2,0,1.95,0.115368,0,1.15408,218679
2,0,1.95,0.115368,0,1.15708,213769
2,0,1.95,0.115368,0,1.16008,211363
2,0,1.95,0.115368,0,1.16308,206031
2,0,1.95,0.115368,0,1.16608,206972
2,0,1.95,0.115368,0,1.16908,229188
2,0,1.95,0.115368,0,1.17209,203126
2,0,1.95,0.115368,0,1.17509,205128
2,0,1.95,0.115368,0,1.17809,208972
2,0,1.95,0.115368,0,1.18109,198612
2,0,1.95,0.115368,0,1.18409,216065
2,0,1.95,0.115368,0,1.18709,224441
2,0,1.95,0.115368,0,1.1901,206612
2,0,1.95,0.115368,0,1.1931,190883
2,0,1.95,0.115368,0,1.1961,190967
2,0,1.95,0.115368,0,1.1991,223515
2,0,1.95,0.115368,0,1.2021,198209
2,0,1.95,0.115368,0,1.2051,193574
2,0,1.95,0.115368,0,1.2081,181734
2,0,1.95,0.115368,0,1.21111,209424
2,0,1.95,0.115368,0,1.21411,176237
2,0,1.95,0.115368,0,1.21711,171243
2,0,1.95,0.115368,0,1.22011,-165581
2,0,1.95,0.115368,0,1.22311,-183576
2,0,1.95,0.115368,0,1.22611,-194336
2,0,1.95,0.115368,0,1.22911,-199354
2,0,1.95,0.115368,0,1.23212,-184455
2,0,1.95,0.115368,0,1.23512,-187584
2,0,1.95,0.115368,0,1.23812,-191322
2,0,1.95,0.115368,0,1.24112,-197147
2,0,1.95,0.115368,0,1.24412,-219017
2,0,1.95,0.115368,0,1.24712,-212964
2,0,1.95,0.115368,0,1.25013,-220948
2,0,1.95,0.115368,0,1.25313,-218046
2,0,1.95,0.115368,0,1.25613,-211679
2,0,1.95,0.115368,0,1.25913,-203289
2,0,1.95,0.115368,0,1.26213,-217976
2,0,1.95,0.115368,0,1.26513,-229780
2,0,1.95,0.115368,0,1.26813,-222231
2,0,1.95,0.115368,0,1.27114,-234526
2,0,1.95,0.115368,0,1.27414,-208345
2,0,1.95,0.115368,0,1.27714,-218950
2,0,1.95,0.115368,0,1.28014,-240086
2,0,1.95,0.115368,0,1.28314,-220576
2,0,1.95,0.115368,0,1.28614,-232223
2,0,1.95,0.115368,0,1.28914,-244269
2,0,1.95,0.115368,0,1.29215,-228460
2,0,1.95,0.115368,0,1.29515,-230430
2,0,1.95,0.115368,0,1.29815,-235073
2,0,1.95,0.115368,0,1.30115,-247948
2,0,1.95,0.115368,0,1.30415,-224496
2,0,1.95,0.115368,0,1.30715,-238585
2,0,1.95,0.115368,0,1.31016,-239403
2,0,1.95,0.115368,0,1.31316,-218983
2,0,1.95,0.115368,0,1.31616,-224547
2,0,1.95,0.115368,0,1.31916,-225858
2,0,1.95,0.115368,0,1.32216,-249884
2,0,1.95,0.115368,0,1.32516,-244012
2,0,1.95,0.115368,0,1.32816,-220760
2,0,1.95,0.115368,0,1.33117,-233894
2,0,1.95,0.115368,0,1.33417,-236219
2,0,1.95,0.115368,0,1.33717,-232202
2,0,1.95,0.115368,0,1.34017,-241919
2,0,1.95,0.115368,0,1.34317,-248905
2,0,1.95,0.115368,0,1.34617,-241913
2,0,1.95,0.115368,0,1.34917,-242937
2,0,1.95,0.115368,0,1.35218,-230871
2,0,1.95,0.115368,0,1.35518,-242431
2,0,1.95,0.115368,0,1.35818,-259031
2,0,1.95,0.115368,0,1.36118,-246571
2,0,1.95,0.115368,0,1.36418,-248469
2,0,1.95,0.115368,0,1.36718,-246163
2,0,1.95,0.115368,0,1.37019,-232722
2,0,1.95,0.115368,0,1.37319,-246730
2,0,1.95,0.115368,0,1.37619,-227675
2,0,1.95,0.115368,0,1.37919,-229091
2,0,1.95,0.115368,0,1.38219,-236382
2,0,1.95,0.115368,0,1.38519,-237686
2,0,1.95,0.115368,0,1.38819,-237591
2,0,1.95,0.115368,0,1.3912,-234098
2,0,1.95,0.115368,0,1.3942,-261984
2,0,1.95,0.115368,0,1.3972,-230602
2,0,1.95,0.115368,0,1.4002,-237834
2,0,1.95,0.115368,0,1.4032,-237433
2,0,1.95,0.115368,0,1.4062,-248415
2,0,1.95,0.115368,0,1.4092,-249445
2,0,1.95,0.115368,0,1.41221,-247674
2,0,1.95,0.115368,0,1.41521,-247894
2,0,1.95,0.115368,0,1.41821,-228111
2,0,1.95,0.115368,0,1.42121,-254135
2,0,1.95,0.115368,0,1.42421,-227233
2,0,1.95,0.115368,0,1.42721,-253995
2,0,1.95,0.115368,0,1.43022,-248367
2,0,1.95,0.115368,0,1.43322,-263619
2,0,1.95,0.115368,0,1.43622,-250778
2,0,1.95,0.115368,0,1.43922,-251755
2,0,1.95,0.115368,0,1.44222,-244266
2,0,1.95,0.115368,0,1.44522,-246277
2,0,1.95,0.115368,0,1.44822,-237953
2,0,1.95,0.115368,0,1.45123,-252800
2,0,1.95,0.115368,0,1.45423,-246018
2,0,1.95,0.115368,0,1.45723,-226185
2,0,1.95,0.115368,0,1.46023,-234648
2,0,1.95,0.115368,0,1.46323,-236226
2,0,1.95,0.115368,0,1.46623,-233020
2,0,1.95,0.115368,0,1.46923,-236050
2,0,1.95,0.115368,0,1.47224,-244533
2,0,1.95,0.115368,0,1.47524,-229429
2,0,1.95,0.115368,0,1.47824,-227780
2,0,1.95,0.115368,0,1.48124,-235023
2,0,1.95,0.115368,0,1.48424,-282750
2,0,1.95,0.115368,0,1.48724,-238154
2,0,1.95,0.115368,0,1.49025,-233012
2,0,1.95,0.115368,0,1.49325,-237136
2,0,1.95,0.115368,0,1.49625,-234029
2,0,1.95,0.115368,0,1.49925,-243636
2,0,1.95,0.115368,0,1.50225,-222253
2,0,1.95,0.115368,0,1.50525,-224424
2,0,1.95,0.115368,0,1.50825,-230211
2,0,1.95,0.115368,0,1.51126,-227677
2,0,1.95,0.115368,0,1.51426,-224100
2,0,1.95,0.115368,0,1.51726,-241898
2,0,1.95,0.115368,0,1.52026,-238234
2,0,1.95,0.115368,0,1.52326,-235188
2,0,1.95,0.115368,0,1.52626,-224393
2,0,1.95,0.115368,0,1.52926,-218384
2,0,1.95,0.115368,0,1.53227,-223332
2,0,1.95,0.115368,0,1.53527,-218195
2,0,1.95,0.115368,0,1.53827,-246007
2,0,1.95,0.115368,0,1.54127,-234802
2,0,1.95,0.115368,0,1.54427,-225536
2,0,1.95,0.115368,0,1.54727,-215913
2,0,1.95,0.115368,0,1.55028,-227617
2,0,1.95,0.115368,0,1.55328,-239117
2,0,1.95,0.115368,0,1.55628,-218142
2,0,1.95,0.115368,0,1.55928,-218365
2,0,1.95,0.115368,0,1.56228,-234669
2,0,1.95,0.115368,0,1.56528,-220935
2,0,1.95,0.115368,0,1.56828,-207597
2,0,1.95,0.115368,0,1.57129,-217464
2,0,1.95,0.115368,0,1.57429,-201766
2,0,1.95,0.115368,0,1.57729,-210879
2,0,1.95,0.115368,0,1.58029,-201668
2,0,1.95,0.115368,0,1.58329,-193873
2,0,1.95,0.115368,0,1.58629,-200417
2,0,1.95,0.115368,0,1.58929,-215999
2,0,1.95,0.115368,0,1.5923,-200643
2,0,1.95,0.115368,0,1.5953,-183747
2,0,1.95,0.115368,0,1.5983,-175266
2,0,1.95,0.115368,0,1.6013,-168206
2,0,1.95,0.115368,0,1.6043,-138297
2,0,1.95,0.115368,0,1.6073,171157
2,0,1.95,0.115368,0,1.61031,202149
2,0,1.95,0.115368,0,1.61331,187432
2,0,1.95,0.115368,0,1.61631,217488
2,0,1.95,0.115368,0,1.61931,200310
2,0,1.95,0.115368,0,1.62231,198164
2,0,1.95,0.115368,0,1.62531,222450
2,0,1.95,0.115368,0,1.62831,215838
2,0,1.95,0.115368,0,1.63132,211568
2,0,1.95,0.115368,0,1.63432,202275
2,0,1.95,0.115368,0,1.63732,224160
2,0,1.95,0.115368,0,1.64032,208156
2,0,1.95,0.115368,0,1.64332,197649
2,0,1.95,0.115368,0,1.64632,218218
2,0,1.95,0.115368,0,1.64932,209807
2,0,1.95,0.115368,0,1.65233,206276
2,0,1.95,0.115368,0,1.65533,215142
2,0,1.95,0.115368,0,1.65833,223682
2,0,1.95,0.115368,0,1.66133,221218
2,0,1.95,0.115368,0,1.66433,221158
2,0,1.95,0.115368,0,1.66733,207514
2,0,1.95,0.115368,0,1.67034,207454
2,0,1.95,0.115368,0,1.67334,239883
2,0,1.95,0.115368,0,1.67634,226651
2,0,1.95,0.115368,0,1.67934,251775
2,0,1.95,0.115368,0,1.68234,214517
2,0,1.95,0.115368,0,1.68534,215270
2,0,1.95,0.115368,0,1.68834,210668
2,0,1.95,0.115368,0,1.69135,214163
2,0,1.95,0.115368,0,1.69435,228098
2,0,1.95,0.115368,0,1.69735,213523
2,0,1.95,0.115368,0,1.70035,203033
2,0,1.95,0.115368,0,1.70335,206199
2,0,1.95,0.115368,0,1.70635,221839
2,0,1.95,0.115368,0,1.70935,212145
2,0,1.95,0.115368,0,1.71236,234721
2,0,1.95,0.115368,0,1.71536,205751
2,0,1.95,0.115368,0,1.71836,214890
2,0,1.95,0.115368,0,1.72136,199907
2,0,1.95,0.115368,0,1.72436,209287
2,0,1.95,0.115368,0,1.72736,202458
2,0,1.95,0.115368,0,1.73037,202798
2,0,1.95,0.115368,0,1.73337,234728
2,0,1.95,0.115368,0,1.73637,196863
2,0,1.95,0.115368,0,1.73937,202473
2,0,1.95,0.115368,0,1.74237,192053
2,0,1.95,0.115368,0,1.74537,204824
2,0,1.95,0.115368,0,1.74837,236538
2,0,1.95,0.115368,0,1.75138,203303
2,0,1.95,0.115368,0,1.75438,186385
2,0,1.95,0.115368,0,1.75738,186467
2,0,1.95,0.115368,0,1.76038,190919
2,0,1.95,0.115368,0,1.76338,183100
2,0,1.95,0.115368,0,1.76638,182331
2,0,1.95,0.115368,0,1.76938,185705
2,0,1.95,0.115368,0,1.77239,175591
2,0,1.95,0.115368,0,1.77539,-162737
2,0,1.95,0.115368,0,1.77839,-187934
2,0,1.95,0.115368,0,1.78139,-190207
2,0,1.95,0.115368,0,1.78439,-181225
2,0,1.95,0.115368,0,1.78739,-210387
2,0,1.95,0.115368,0,1.7904,-178958
2,0,1.95,0.115368,0,1.7934,-210483
2,0,1.95,0.115368,0,1.7964,-218125
2,0,1.95,0.115368,0,1.7994,-197934
2,0,1.95,0.115368,0,1.8024,-207938
2,0,1.95,0.115368,0,1.8054,-198021
2,0,1.95,0.115368,0,1.8084,-202180
2,0,1.95,0.115368,0,1.81141,-220299
2,0,1.95,0.115368,0,1.81441,-195735
2,0,1.95,0.115368,0,1.81741,-194574
2,0,1.95,0.115368,0,1.82041,-202347
2,0,1.95,0.115368,0,1.82341,-209554
2,0,1.95,0.115368,0,1.82641,-238849
2,0,1.95,0.115368,0,1.82941,-232144
2,0,1.95,0.115368,0,1.83242,-191374
2,0,1.95,0.115368,0,1.83542,-222455
2,0,1.95,0.115368,0,1.83842,-215073
2,0,1.95,0.115368,0,1.84142,-194051
2,0,1.95,0.115368,0,1.84442,-201886
2,0,1.95,0.115368,0,1.84742,-198621
2,0,1.95,0.115368,0,1.85043,-193155
2,0,1.95,0.115368,0,1.85343,-204885
2,0,1.95,0.115368,0,1.85643,-222969
2,0,1.95,0.115368,0,1.85943,-191283
2,0,1.95,0.115368,0,1.86243,-193550
2,0,1.95,0.115368,0,1.86543,-202985
2,0,1.95,0.115368,0,1.86843,-179882
2,0,1.95,0.115368,0,1.87144,-175572
2,0,1.95,0.115368,0,1.87444,-179564
2,0,1.95,0.115368,0,1.87744,-177592
2,0,1.95,0.115368,0,1.88044,-162227
2,0,1.95,0.115368,0,1.88344,166618
2,0,1.95,0.115368,0,1.88644,176743
2,0,1.95,0.115368,0,1.88944,181535
2,0,1.95,0.115368,0,1.89245,186896
2,0,1.95,0.115368,0,1.89545,219306
2,0,1.95,0.115368,0,1.89845,189099
2,0,1.95,0.115368,0,1.90145,184620
2,0,1.95,0.115368,0,1.90445,204327
2,0,1.95,0.115368,0,1.90745,217773
2,0,1.95,0.115368,0,1.91046,218332
2,0,1.95,0.115368,0,1.91346,190817
2,0,1.95,0.115368,0,1.91646,191874
2,0,1.95,0.115368,0,1.91946,191358
2,0,1.95,0.115368,0,1.92246,195522
2,0,1.95,0.115368,0,1.92546,186557
2,0,1.95,0.115368,0,1.92846,192510
2,0,1.95,0.115368,0,1.93147,181882
2,0,1.95,0.115368,0,1.93447,221058
2,0,1.95,0.115368,0,1.93747,225601
2,0,1.95,0.115368,0,1.94047,206863
2,0,1.95,0.115368,0,1.94347,176195
2,0,1.95,0.115368,0,1.94647,189604
2,0,1.95,0.115368,0,1.94947,-169118
2,0,1.95,0.115368,0,1.95248,-169749
2,0,1.95,0.115368,0,1.95548,-180372
2,0,1.95,0.115368,0,1.95848,-228248
2,0,1.95,0.115368,0,1.96148,-211347
2,0,1.95,0.115368,0,1.96448,-215194
2,0,1.95,0.115368,0,1.96748,-212831
2,0,1.95,0.115368,0,1.97049,-228058
2,0,1.95,0.115368,0,1.97349,-205832
2,0,1.95,0.115368,0,1.97649,-217714
2,0,1.95,0.115368,0,1.97949,-207878
2,0,1.95,0.115368,0,1.98249,-203692
2,0,1.95,0.115368,0,1.98549,-199677
2,0,1.95,0.115368,0,1.98849,-220401
2,0,1.95,0.115368,0,1.9915,-219021
2,0,1.95,0.115368,0,1.9945,-211775
2,0,1.95,0.115368,0,1.9975,-182470
2,0,1.95,0.115368,0,2.0005,190314
2,0,1.95,0.115368,0,2.0035,209887
2,0,1.95,0.115368,0,2.0065,200904
2,0,1.95,0.115368,0,2.0095,229340
2,0,1.95,0.115368,0,2.01251,228752
2,0,1.95,0.115368,0,2.01551,226346
2,0,1.95,0.115368,0,2.01851,239524
2,0,1.95,0.115368,0,2.02151,234776
2,0,1.95,0.115368,0,2.02451,256345
2,0,1.95,0.115368,0,2.02751,257458
2,0,1.95,0.115368,0,2.03052,240185
2,0,1.95,0.115368,0,2.03352,247998
2,0,1.95,0.115368,0,2.03652,255943
2,0,1.95,0.115368,0,2.03952,272825
2,0,1.95,0.115368,0,2.04252,255128
2,0,1.95,0.115368,0,2.04552,284352
2,0,1.95,0.115368,0,2.04852,268277
2,0,1.95,0.115368,0,2.05153,265031
2,0,1.95,0.115368,0,2.05453,267380
2,0,1.95,0.115368,0,2.05753,284544
2,0,1.95,0.115368,0,2.06053,276305
2,0,1.95,0.115368,0,2.06353,286728
2,0,1.95,0.115368,0,2.06653,295259
2,0,1.95,0.115368,0,2.06953,284372
2,0,1.95,0.115368,0,2.07254,284312
2,0,1.95,0.115368,0,2.07554,291501
2,0,1.95,0.115368,0,2.07854,297355
2,0,1.95,0.115368,0,2.08154,308994
2,0,1.95,0.115368,0,2.08454,305485
2,0,1.95,0.115368,0,2.08754,305646
2,0,1.95,0.115368,0,2.09055,331261
2,0,1.95,0.115368,0,2.09355,311254
2,0,1.95,0.115368,0,2.09655,338524
2,0,1.95,0.115368,0,2.09955,322903
2,0,1.95,0.115368,0,2.10255,338043
2,0,1.95,0.115368,0,2.10555,356798
2,0,1.95,0.115368,0,2.10855,328929
2,0,1.95,0.115368,0,2.11156,361031
2,0,1.95,0.115368,0,2.11456,347683
2,0,1.95,0.115368,0,2.11756,381645
2,0,1.95,0.115368,0,2.12056,360874
2,0,1.95,0.115368,0,2.12356,386822
2,0,1.95,0.115368,0,2.12656,415352
2,0,1.95,0.115368,0,2.12956,383452
2,0,1.95,0.115368,0,2.13257,366220
2,0,1.95,0.115368,0,2.13557,376269
2,0,1.95,0.115368,0,2.13857,388015
2,0,1.95,0.115368,0,2.14157,397473
2,0,1.95,0.115368,0,2.14457,434793
2,0,1.95,0.115368,0,2.14757,401853
2,0,1.95,0.115368,0,2.15058,428802
2,0,1.95,0.115368,0,2.15358,443014
2,0,1.95,0.115368,0,2.15658,424839
2,0,1.95,0.115368,0,2.15958,409088
2,0,1.95,0.115368,0,2.16258,462152
2,0,1.95,0.115368,0,2.16558,429277
2,0,1.95,0.115368,0,2.16858,432721
2,0,1.95,0.115368,0,2.17159,461473
2,0,1.95,0.115368,0,2.17459,493103
2,0,1.95,0.115368,0,2.17759,446502
2,0,1.95,0.115368,0,2.18059,492535
2,0,1.95,0.115368,0,2.18359,500354
2,0,1.95,0.115368,0,2.18659,522978
2,0,1.95,0.115368,0,2.18959,477177
2,0,1.95,0.115368,0,2.1926,483385
2,0,1.95,0.115368,0,2.1956,512311
2,0,1.95,0.115368,0,2.1986,527250
2,0,1.95,0.115368,0,2.2016,512125
2,0,1.95,0.115368,0,2.2046,520087
2,0,1.95,0.115368,0,2.2076,565220
2,0,1.95,0.115368,0,2.21061,538613
2,0,1.95,0.115368,0,2.21361,529417
2,0,1.95,0.115368,0,2.21661,578993
2,0,1.95,0.115368,0,2.21961,582890
2,0,1.95,0.115368,0,2.22261,575007
2,0,1.95,0.115368,0,2.22561,575670
2,0,1.95,0.115368,0,2.22861,589997
2,0,1.95,0.115368,0,2.23162,570760
2,0,1.95,0.115368,0,2.23462,578516
2,0,1.95,0.115368,0,2.23762,622219
2,0,1.95,0.115368,0,2.24062,600149
2,0,1.95,0.115368,0,2.24362,631243
2,0,1.95,0.115368,0,2.24662,654025
2,0,1.95,0.115368,0,2.24962,636808
2,0,1.95,0.115368,0,2.25263,644499
2,0,1.95,0.115368,0,2.25563,673266
2,0,1.95,0.115368,0,2.25863,692771
2,0,1.95,0.115368,0,2.26163,705021
2,0,1.95,0.115368,0,2.26463,685198
2,0,1.95,0.115368,0,2.26763,728785
2,0,1.95,0.115368,0,2.27064,737519
2,0,1.95,0.115368,0,2.27364,711638
2,0,1.95,0.115368,0,2.27664,773898
2,0,1.95,0.115368,0,2.27964,734088
2,0,1.95,0.115368,0,2.28264,820563
2,0,1.95,0.115368,0,2.28564,790748
2,0,1.95,0.115368,0,2.28864,759814
2,0,1.95,0.115368,0,2.29165,831685
2,0,1.95,0.115368,0,2.29465,838181
2,0,1.95,0.115368,0,2.29765,799061
2,0,1.95,0.115368,0,2.30065,833662
2,0,1.95,0.115368,0,2.30365,850966
2,0,1.95,0.115368,0,2.30665,936764
2,0,1.95,0.115368,0,2.30965,925411
2,0,1.95,0.115368,0,2.31266,869906
2,0,1.95,0.115368,0,2.31566,945337
2,0,1.95,0.115368,0,2.31866,917613
2,0,1.95,0.115368,0,2.32166,947465
2,0,1.95,0.115368,0,2.32466,1.00389e+06
2,0,1.95,0.115368,0,2.32766,989249
2,0,1.95,0.115368,0,2.33067,997537
2,0,1.95,0.115368,0,2.33367,1.0561e+06
2,0,1.95,0.115368,0,2.33667,1.07277e+06
2,0,1.95,0.115368,0,2.33967,1.0536e+06
2,0,1.95,0.115368,0,2.34267,1.16025e+06
2,0,1.95,0.115368,0,2.34567,1.05552e+06
2,0,1.95,0.115368,0,2.34867,1.0219e+06
2,0,1.95,0.115368,0,2.35168,1.01868e+06
2,0,1.95,0.115368,0,2.35468,1.07631e+06
2,0,1.95,0.115368,0,2.35768,1.04601e+06
2,0,1.95,0.115368,0,2.36068,1.03646e+06
2,0,1.95,0.115368,0,2.36368,1.07077e+06
2,0,1.95,0.115368,0,2.36668,1.03779e+06
2,0,1.95,0.115368,0,2.36968,1.00539e+06
2,0,1.95,0.115368,0,2.37269,1.0725e+06
2,0,1.95,0.115368,0,2.37569,1.00762e+06
2,0,1.95,0.115368,0,2.37869,1.08857e+06
2,0,1.95,0.115368,0,2.38169,1.04738e+06
2,0,1.95,0.115368,0,2.38469,1.10199e+06
2,0,1.95,0.115368,0,2.38769,1.0303e+06
2,0,1.95,0.115368,0,2.3907,1.02799e+06
2,0,1.95,0.115368,0,2.3937,1.02046e+06
2,0,1.95,0.115368,0,2.3967,1.07062e+06
2,0,1.95,0.115368,0,2.3997,1.0064e+06
2,0,1.95,0.115368,0,2.4027,1.03115e+06
2,0,1.95,0.115368,0,2.4057,1.03919e+06
2,0,1.95,0.115368,0,2.4087,1.00921e+06
2,0,1.95,0.115368,0,2.41171,1.0931e+06
2,0,1.95,0.115368,0,2.41471,1.03942e+06
2,0,1.95,0.115368,0,2.41771,1.07698e+06
2,0,1.95,0.115368,0,2.42071,1.01983e+06
2,0,1.95,0.115368,0,2.42371,1.03389e+06
2,0,1.95,0.115368,0,2.42671,1.04072e+06
2,0,1.95,0.115368,0,2.42971,1.03e+06
2,0,1.95,0.115368,0,2.43272,1.0508e+06
2,0,1.95,0.115368,0,2.43572,1.05642e+06
2,0,1.95,0.115368,0,2.43872,1.02882e+06
2,0,1.95,0.115368,0,2.44172,1.03159e+06
2,0,1.95,0.115368,0,2.44472,1.04962e+06
2,0,1.95,0.115368,0,2.44772,1.00335e+06
2,0,1.95,0.115368,0,2.45073,1.02615e+06
2,0,1.95,0.115368,0,2.45373,1.07319e+06
2,0,1.95,0.115368,0,2.45673,1.10302e+06
2,0,1.95,0.115368,0,2.45973,1.09701e+06
2,0,1.95,0.115368,0,2.46273,1.06857e+06
2,0,1.95,0.115368,0,2.46573,1.05498e+06
2,0,1.95,0.115368,0,2.46873,1.02749e+06
2,0,1.95,0.115368,0,2.47174,1.00804e+06
2,0,1.95,0.115368,0,2.47474,1.02393e+06
2,0,1.95,0.115368,0,2.47774,1.03014e+06
2,0,1.95,0.115368,0,2.48074,1.06694e+06
2,0,1.95,0.115368,0,2.48374,1.04239e+06
2,0,1.95,0.115368,0,2.48674,1.02083e+06
2,0,1.95,0.115368,0,2.48974,1.07161e+06
2,0,1.95,0.115368,0,2.49275,1.03584e+06
2,0,1.95,0.115368,0,2.49575,1.02443e+06
2,0,1.95,0.115368,0,2.49875,1.00143e+06
2,0,1.95,0.115368,0,2.50175,1.01044e+06
2,0,1.95,0.115368,0,2.50475,1.06954e+06
2,0,1.95,0.115368,0,2.50775,1.06163e+06
2,0,1.95,0.115368,0,2.51076,1.01935e+06
2,0,1.95,0.115368,0,2.51376,1.04447e+06
2,0,1.95,0.115368,0,2.51676,1.01934e+06
2,0,1.95,0.115368,0,2.51976,1.06016e+06
2,0,1.95,0.115368,0,2.52276,1.00659e+06
2,0,1.95,0.115368,0,2.52576,1.02906e+06
2,0,1.95,0.115368,0,2.52876,1.0762e+06
2,0,1.95,0.115368,0,2.53177,1.00452e+06
2,0,1.95,0.115368,0,2.53477,1.04242e+06
2,0,1.95,0.115368,0,2.53777,1.01515e+06
2,0,1.95,0.115368,0,2.54077,1.03751e+06
2,0,1.95,0.115368,0,2.54377,1.03314e+06
2,0,1.95,0.115368,0,2.54677,1.01452e+06
2,0,1.95,0.115368,0,2.54977,1.07545e+06
2,0,1.95,0.115368,0,2.55278,1.05618e+06
2,0,1.95,0.115368,0,2.55578,1.00474e+06
2,0,1.95,0.115368,0,2.55878,1.04784e+06
2,0,1.95,0.115368,0,2.56178,1.00627e+06
2,0,1.95,0.115368,0,2.56478,1.05789e+06
2,0,1.95,0.115368,0,2.56778,1.09785e+06
2,0,1.95,0.115368,0,2.57079,1.02149e+06
2,0,1.95,0.115368,0,2.57379,1.07383e+06
2,0,1.95,0.115368,0,2.57679,1.006e+06
2,0,1.95,0.115368,0,2.57979,1.00226e+06
2,0,1.95,0.115368,0,2.58279,1.01318e+06
2,0,1.95,0.115368,0,2.58579,1.08415e+06
2,0,1.95,0.115368,0,2.58879,1.00753e+06
2,0,1.95,0.115368,0,2.5918,1.0042e+06
2,0,1.95,0.115368,0,2.5948,1.02815e+06
2,0,1.95,0.115368,0,2.5978,1.05947e+06
2,0,1.95,0.115368,0,2.6008,1.10857e+06
2,0,1.95,0.115368,0,2.6038,1.02866e+06
2,0,1.95,0.115368,0,2.6068,1.15924e+06
2,0,1.95,0.115368,0,2.6098,1.06303e+06
2,0,1.95,0.115368,0,2.61281,1.05078e+06
2,0,1.95,0.115368,0,2.61581,1.00129e+06
2,0,1.95,0.115368,0,2.61881,1.00744e+06
2,0,1.95,0.115368,0,2.62181,1.07153e+06
2,0,1.95,0.115368,0,2.62481,1.0818e+06
2,0,1.95,0.115368,0,2.62781,1.12226e+06
2,0,1.95,0.115368,0,2.63082,1.15132e+06
2,0,1.95,0.115368,0,2.63382,1.14864e+06
2,0,1.95,0.115368,0,2.63682,1.06956e+06
2,0,1.95,0.115368,0,2.63982,1.03009e+06
2,0,1.95,0.115368,0,2.64282,1.03449e+06
2,0,1.95,0.115368,0,2.64582,1.044e+06
2,0,1.95,0.115368,0,2.64882,1.0787e+06
2,0,1.95,0.115368,0,2.65183,1.03756e+06
2,0,1.95,0.115368,0,2.65483,1.09573e+06
2,0,1.95,0.115368,0,2.65783,1.14986e+06
2,0,1.95,0.115368,0,2.66083,1.06789e+06
2,0,1.95,0.115368,0,2.66383,1.0331e+06
2,0,1.95,0.115368,0,2.66683,1.11711e+06
2,0,1.95,0.115368,0,2.66983,1.03613e+06
2,0,1.95,0.115368,0,2.67284,1.01838e+06
2,0,1.95,0.115368,0,2.67584,1.00379e+06
2,0,1.95,0.115368,0,2.67884,1.04541e+06
2,0,1.95,0.115368,0,2.68184,1.15998e+06
2,0,1.95,0.115368,0,2.68484,1.0934e+06
2,0,1.95,0.115368,0,2.68784,1.10623e+06
2,0,1.95,0.115368,0,2.69085,1.0003e+06
2,0,1.95,0.115368,0,2.69385,1.0332e+06
2,0,1.95,0.115368,0,2.69685,1.0322e+06
2,0,1.95,0.115368,0,2.69985,1.02031e+06
2,0,1.95,0.115368,0,2.70285,1.02289e+06
2,0,1.95,0.115368,0,2.70585,1.04577e+06
2,0,1.95,0.115368,0,2.70885,1.06433e+06
2,0,1.95,0.115368,0,2.71186,1.12727e+06
2,0,1.95,0.115368,0,2.71486,1.0754e+06
2,0,1.95,0.115368,0,2.71786,1.08395e+06
2,0,1.95,0.115368,0,2.72086,1.02078e+06
2,0,1.95,0.115368,0,2.72386,1.00097e+06
2,0,1.95,0.115368,0,2.72686,1.04613e+06
2,0,1.95,0.115368,0,2.72986,1.07104e+06
2,0,1.95,0.115368,0,2.73287,1.05339e+06
2,0,1.95,0.115368,0,2.73587,1.11656e+06
2,0,1.95,0.115368,0,2.73887,1.1282e+06
2,0,1.95,0.115368,0,2.74187,1.10952e+06
2,0,1.95,0.115368,0,2.74487,1.06939e+06
2,0,1.95,0.115368,0,2.74787,1.15938e+06
2,0,1.95,0.115368,0,2.75088,1.02169e+06
2,0,1.95,0.115368,0,2.75388,1.14094e+06
2,0,1.95,0.115368,0,2.75688,1.16787e+06
2,0,1.95,0.115368,0,2.75988,1.05736e+06
2,0,1.95,0.115368,0,2.76288,1.0657e+06
2,0,1.95,0.115368,0,2.76588,1.05308e+06
2,0,1.95,0.115368,0,2.76888,1.06649e+06
2,0,1.95,0.115368,0,2.77189,1.0377e+06
2,0,1.95,0.115368,0,2.77489,1.13424e+06
2,0,1.95,0.115368,0,2.77789,1.22478e+06
2,0,1.95,0.115368,0,2.78089,1.05294e+06
2,0,1.95,0.115368,0,2.78389,1.02466e+06
2,0,1.95,0.115368,0,2.78689,1.15115e+06
2,0,1.95,0.115368,0,2.78989,1.00566e+06
2,0,1.95,0.115368,0,2.7929,1.02696e+06
2,0,1.95,0.115368,0,2.7959,1.00548e+06
2,0,1.95,0.115368,0,2.7989,1.01364e+06
2,0,1.95,0.115368,0,2.8019,1.01067e+06
2,0,1.95,0.115368,0,2.8049,1.02966e+06
2,0,1.95,0.115368,0,2.8079,1.04651e+06
2,0,1.95,0.115368,0,2.81091,1.07332e+06
2,0,1.95,0.115368,0,2.81391,1.13402e+06
2,0,1.95,0.115368,0,2.81691,1.04516e+06
2,0,1.95,0.115368,0,2.81991,1.00061e+06
2,0,1.95,0.115368,0,2.82291,1.2004e+06
2,0,1.95,0.115368,0,2.82591,1.02013e+06
2,0,1.95,0.115368,0,2.82891,1.06133e+06
2,0,1.95,0.115368,0,2.83192,1.24147e+06
2,0,1.95,0.115368,0,2.83492,1.10338e+06
2,0,1.95,0.115368,0,2.83792,1.20648e+06
2,0,1.95,0.115368,0,2.84092,1.04494e+06
2,0,1.95,0.115368,0,2.84392,1.0733e+06
2,0,1.95,0.115368,0,2.84692,1.0686e+06
2,0,1.95,0.115368,0,2.84992,1.08511e+06
2,0,1.95,0.115368,0,2.85293,1.03925e+06
2,0,1.95,0.115368,0,2.85593,1.00652e+06
2,0,1.95,0.115368,0,2.85893,1.0159e+06
2,0,1.95,0.115368,0,2.86193,1.00572e+06
2,0,1.95,0.115368,0,2.86493,1.00166e+06
2,0,1.95,0.115368,0,2.86793,1.05066e+06
2,0,1.95,0.115368,0,2.87094,1.3011e+06
2,0,1.95,0.115368,0,2.87394,1.0158e+06
2,0,1.95,0.115368,0,2.87694,1.03432e+06
2,0,1.95,0.115368,0,2.87994,1.03635e+06
2,0,1.95,0.115368,0,2.88294,1.05721e+06
2,0,1.95,0.115368,0,2.88594,1.02313e+06
2,0,1.95,0.115368,0,2.88894,1.03869e+06
2,0,1.95,0.115368,0,2.89195,1.0092e+06
2,0,1.95,0.115368,0,2.89495,1.07686e+06
2,0,1.95,0.115368,0,2.89795,1.14453e+06
2,0,1.95,0.115368,0,2.90095,1.10489e+06
2,0,1.95,0.115368,0,2.90395,1.12943e+06
2,0,1.95,0.115368,0,2.90695,1.00476e+06
2,0,1.95,0.115368,0,2.90995,1.086e+06
2,0,1.95,0.115368,0,2.91296,1.16422e+06
2,0,1.95,0.115368,0,2.91596,1.01027e+06
2,0,1.95,0.115368,0,2.91896,1.02993e+06
2,0,1.95,0.115368,0,2.92196,1.0488e+06
2,0,1.95,0.115368,0,2.92496,1.0613e+06
2,0,1.95,0.115368,0,2.92796,1.0049e+06
2,0,1.95,0.115368,0,2.93097,1.15178e+06
2,0,1.95,0.115368,0,2.93397,1.07356e+06
2,0,1.95,0.115368,0,2.93697,1.05553e+06
2,0,1.95,0.115368,0,2.93997,1.10613e+06
2,0,1.95,0.115368,0,2.94297,1.00074e+06
2,0,1.95,0.115368,0,2.94597,1.02461e+06
2,0,1.95,0.115368,0,2.94897,1.09662e+06
2,0,1.95,0.115368,0,2.95198,1.07361e+06
2,0,1.95,0.115368,0,2.95498,1.1193e+06
2,0,1.95,0.115368,0,2.95798,1.19602e+06
2,0,1.95,0.115368,0,2.96098,1.02925e+06
2,0,1.95,0.115368,0,2.96398,1.06181e+06
2,0,1.95,0.115368,0,2.96698,1.02475e+06
2,0,1.95,0.115368,0,2.96998,1.16377e+06
2,0,1.95,0.115368,0,2.97299,1.08675e+06
2,0,1.95,0.115368,0,2.97599,1.1892e+06
2,0,1.95,0.115368,0,2.97899,1.12986e+06
2,0,1.95,0.115368,0,2.98199,1.01361e+06
2,0,1.95,0.115368,0,2.98499,1.01314e+06
2,0,1.95,0.115368,0,2.98799,1.06439e+06
2,0,1.95,0.115368,0,2.991,1.03117e+06
2,0,1.95,0.115368,0,2.994,1.05581e+06
2,0,1.95,0.115368,0,2.997,1.09686e+06
2,0,1.95,0.115368,0,3,1.04696e+06

