3.0,0.0586661,2,-0.159201,54.0919
3.0,0.05,2,-0.000170848,64.4188
3.0,0.904722,2,0.647791,21.0569
2.8,0.0900086,2,-0.20778,51.3824
2.8,0.05,2,7.08392e-05,73.8361
2.8,0.9203,2,0.721506,20.5921
2.6,0.127944,2,-0.263126,53.0171
2.6,0.00189899,2,-0.000895908,96.7114
2.6,0.00836158,2,0.0609759,71.4313
2.6,0.913069,2,0.797879,19.0973
2.4,0.171548,2,-0.32669,47.912
2.4,0.00424251,2,-0.0253063,96.8987
2.4,0.05,2,7.08392e-05,128.707
2.4,0.0237784,2,0.182786,70.2578
2.2,0.219023,2,-0.402821,49.3819
2.2,0.0173203,2,-0.157026,98.069
2.2,0.001937,2,-0.000170848,237.507
2.2,0.00704794,2,0.0614593,123.773
2.2,0.0499903,2,0.526706,71.5259
2.1,0.24297,2,-0.447775,48.1109
2.1,0.0289887,2,-0.316297,101.424
2.1,0.00878179,2,-0.115697,153.225
2.1,0.00398789,2,-0.0214393,241.116
2.1,0.0025135,2,-0.000170848,314.881
2.1,0.00300547,2,0.00707976,282.674
2.1,0.00566152,2,0.0588007,197.299
2.1,0.0150557,2,0.291062,147.867
2.1,0.0650987,2,0.99147,83.5214
2.05,0.255461,2,-0.472338,52.8648
2.05,0.0729768,2,1.46291,70.2919
2.05,0.0332432,2,-0.421908,73.474
2.05,0.0200617,2,0.703617,133.598
2.05,0.0129039,2,-0.279769,168.043